6901
398
8793
6330
6167
4264
6952
8029
3549
9898
4075
2959
4760
6044
8714
5875
5799
6759
2762
1333
9899
5648
4267
1849
8987
4634
816
1026
6242
6387
2015
3753
7628
7455
8936
9342
1189
7202
4990
8235
5196
412
5672
2002
2992
7458
3004
3234
211
7741
571
4457
3355
6550
6826
6769
6982
8029
9785
3423
1993
7823
6699
1436
2902
1458
1595
1975
6270
512
2049
8589
2887
9759
5841
3109
4528
8503
7627
1249
4496
1462
7687
1388
6459
3977
3260
4914
6303
1889
2584
7034
8579
5485
5345
8093
8595
6373
3409
6058
9292
886
4380
131
8265
8900
9342
8808
9685
7062
3968
5771
8971
9208
6550
3772
5957
3497
9072
44
2201
1210
9926
7810
4228
4285
2
2215
7102
1761
4673
9449
2453
6243
4736
1343
130
2413
3642
4281
9729
4527
5482
1259
1656
8302
394
6271
5453
6830
4990
9364
4177
3014
2441
786
261
9909
6426
4025
7081
554
6155
9045
6328
2783
1909
224
4320
8980
6600
8909
5875
8410
1621
5070
2571
3364
935
3405
3851
32
6388
476
4266
7794
542
9566
7916
4031
3122
7992
8481
5928
773
8513
2743
8181
1547
504
5097
2156
3105
1813
820
4560
5
4318
817
3808
618
4466
5714
1047
4367
5718
3964
3592
2335
482
1101
894
1675
6347
6575
6749
7889
3799
629
2214
3119
172
3847
161
7725
7655
965
3791
7404
8580
5603
1167
6621
9883
8589
17
3216
7084
3475
4005
3378
3552
7135
729
268
7055
2615
3730
6800
6843
2627
9162
9077
8229
7189
7215
8038
8211
9032
648
9614
9499
5664
7752
8505
2025
4050
8095
8356
987
6923
5457
8638
9890
5977
599
3572
8940
9962
7619
7893
9794
2702
1884
3639
7998
2396
6938
9871
3199
440
6528
2075
9436
6883
9352
3799
4199
1020
5371
9242
2415
6951
7131
1742
8624
2971
9486
6128
2649
6514
4380
8780
1483
2110
1578
8549
4400
5583
8549
2022
7236
2667
5374
407
3565
1002
6771
3439
7977
528
5418
1265
359
1250
3090
6751
4046
665
2575
4479
9482
6891
841
8394
9933
1911
6479
5019
6011
97
8910
8175
5265
593
246
9492
1662
6417
2353
6499
1508
3798
7505
6280
7998
9645
8302
7864
166
1107
101
6650
3588
5124
5430
795
4008
6420
3213
3035
9761
7764
8379
2377
2036
1008
3964
691
4764
9689
7261
2624
5867
233
543
1995
8253
956
8756
7557
1191
5150
5664
6757
3161
1817
7250
1318
5175
4268
1967
9548
9042
2518
5810
3144
86
9509
4046
420
6123
3068
1880
8335
5356
909
1337
2010
9461
2713
145
7265
8511
8098
3391
3284
7675
5457
3096
4647
6468
2458
7185
2914
5912
9206
511
8916
6548
5822
4828
2260
677
4335
4743
1352
2081
9839
4322
7006
4346
1240
5332
2322
6267
944
3015
1585
5127
3776
727
8307
6680
8515
3341
8324
5439
618
4503
7567
5621
2626
8296
8188
8568
284
3063
2508
6026
14
1861
3252
3584
7058
4138
5319
3879
6793
3902
5787
6522
4860
5282
7537
1645
539
1210
887
7269
5163
2315
1817
4338
6947
2986
9926
1239
1834
709
935
1593
9045
9069
5135
1951
7882
1097
204
8416
5257
3286
3595
1931
6084
5651
5050
849
3239
5737
8683
7491
667
365
8280
7382
8923
6095
5188
3135
6723
8024
6091
1182
9904
8663
3366
1319
7066
851
8229
8587
6849
4345
7373
5840
3965
3140
1466
4925
8049
5556
4335
9697
2872
3319
8054
8564
3704
6496
1115
3999
6238
4695
6995
4039
443
7984
9792
5270
1340
7695
1080
3693
4775
1544
2832
1637
1509
9120
9130
9936
7831
9482
4592
319
4744
1327
7228
6141
9986
5540
4604
6869
396
7511
2398
6833
6866
2432
193
4815
4164
7901
3981
5338
2359
2520
3354
9702
8341
1422
4121
2809
5648
1973
5968
7967
2866
9373
2100
8536
3479
6461
7235
9561
3525
7950
6184
7410
8273
1475
2432
7425
7323
121
5951
9893
4988
2439
2386
2019
4188
9248
278
5930
5912
1009
9275
6478
5641
8423
7610
2481
1376
8048
2093
399
41
6243
3424
1475
1780
7014
6126
1676
8190
627
144
7305
9248
1413
8874
8776
6569
4103
1900
6150
4709
1314
7654
9399
3599
8566
3165
9204
9185
5322
5492
7323
2913
6246
4948
2171
5908
467
5769
8974
2016
6141
2648
4739
4096
147
3282
1305
2561
2188
2297
6863
3043
9750
7948
552
6171
1665
8268
6116
2532
1190
5834
4159
4880
8146
1379
4914
6448
5575
7267
4686
582
9685
3429
7981
7109
3666
4501
1419
9988
6701
3825
6883
3192
8118
7960
8752
7328
7770
472
5157
1121
1402
261
1291
2865
7204
5283
8767
8573
3514
287
3451
8821
3840
9184
9536
1646
3877
7081
31
1089
254
7006
8216
6917
6445
2771
4802
1270
5783
8094
8743
8281
8454
9163
6526
8759
7960
7643
9112
2028
1049
4522
4193
4363
1321
1839
575
8302
1053
3283
2616
1760
6892
6186
62
6950
131
3955
1695
3180
6811
8910
4684
4227
9103
5846
5375
2258
8551
1922
9346
3757
9717
3270
5245
7819
3948
6526
78
3055
6999
481
7590
8808
390
3945
7515
7974
9856
8213
2737
1961
6611
8160
9308
2489
676
561
4776
5672
4288
3027
5985
468
8315
3387
5811
1793
4752
2086
2640
3069
6900
6079
7038
2780
7787
3980
3059
5817
4153
3375
3697
9607
976
4147
9196
693
668
7181
4763
2367
1058
6508
6812
7427
8716
5053
7264
1118
3291
926
9925
7392
2345
5940
3366
2969
6137
3703
198
1771
2890
1285
2314
4598
450
9277
6236
8053
1921
1224
8974
5616
5785
7201
9873
8852
8462
9332
2353
4533
1030
1146
5594
7195
4804
9197
7765
8370
8825
950
6368
7535
1252
9371
7946
983
1930
7430
2727
1240
1153
3856
7000
8990
4904
7916
1676
6609
3848
9395
7392
6008
7727
3563
7334
8366
562
5247
2125
6512
9181
74
8619
375
4809
282
2456
3135
630
8011
3937
230
3107
605
1999
4810
3910
8834
3482
4141
9214
4844
1814
4605
4974
6556
8096
8439
6974
9508
6832
8854
7540
2312
7792
9621
2058
5968
1485
4430
6254
8890
5401
9123
3042
4433
3027
8318
7020
9831
7052
8634
442
1489
5739
2083
3870
7747
2973
5640
340
4012
7487
4209
1453
5077
2558
1877
8854
812
6718
4413
5689
2522
6979
4798
3992
7688
4458
6143
7971
6740
8740
6585
1001
1161
1253
3626
5576
1888
8258
4840
3133
7859
294
7771
5632
9239
5770
9031
3028
9703
2322
3812
3889
565
5429
1875
7842
8363
6116
7325
4249
2050
9667
3003
1266
9824
1706
1951
7423
426
5885
2950
8483
855
6733
2713
1265
9564
8210
3225
6196
8542
51
2177
8022
1728
2349
8130
4937
4188
8874
2577
9996
5701
3855
6933
6836
1788
5599
8179
2420
219
9569
9823
3405
2381
1139
125
1156
3542
2395
2393
7297
1849
1285
3427
9210
397
9012
3363
7726
4914
8856
9535
4335
1559
4288
7509
5630
4779
4037
1687
1684
9845
4480
3452
7044
3997
3106
3598
4804
6844
3218
3504
4240
8269
9176
7260
5439
6478
8019
1606
7981
2298
6782
257
6918
8868
9449
6692
2589
3108
1951
5541
4869
8224
776
5000
79
9757
8927
7068
6054
9601
5979
5470
6810
5842
5952
6500
5114
9209
8486
7821
3701
6701
5007
4342
7908
3024
6551
4617
6269
5507
9647
5235
9675
8088
6922
7471
2046
3878
6616
7161
8507
6956
1485
5140
596
1817
9073
4361
1441
827
8218
691
4386
4576
6752
582
9837
6904
9685
1473
3937
2811
6612
2628
8106
1359
1913
240
3115
9375
4376
4190
9985
9165
84
6530
2532
6513
2370
6428
5796
8019
8606
7285
2919
7889
9016
6394
8595
8851
3653
2779
1670
2216
2172
4905
5130
9872
8260
1704
1695
8818
3420
6810
1694
6671
1003
6266
9638
8650
874
1780
3332
8351
5759
2494
2385
2934
4782
9473
3629
9663
1020
8181
2448
4067
3671
940
4241
2197
5995
457
5795
2408
1612
4270
5654
965
5574
356
5450
2612
1623
817
3428
2807
5150
9422
7264
1915
8726
887
4683
294
917
9374
5548
9467
5080
5849
7663
8519
7310
7995
6539
5049
2247
5678
9202
3916
9633
6886
528
5992
779
2615
1360
6741
446
5066
5015
3716
5754
7765
5540
3677
8224
8463
1842
568
7789
4413
3663
4094
2002
5974
642
7336
6590
6562
6330
5988
7959
353
1547
3979
4781
2825
2643
7375
6068
4860
2498
4320
976
8497
9921
362
131
5574
9822
850
4268
1675
864
9917
657
2014
8774
8629
9807
5860
9711
9282
9457
9770
81
3235
9172
7222
6540
4672
6889
2924
3900
6300
193
5781
1865
8278
3058
7284
3858
2297
9644
4380
9403
4453
7955
9462
9509
1259
4125
8974
2156
6813
2684
4223
8955
4409
8539
3332
151
4429
6197
867
8198
1150
5690
1080
7893
8170
5870
4760
5705
209
5654
4584
3581
239
6902
2359
1780
6044
7729
956
1208
1601
6036
1761
4509
1804
9023
5549
1484
6994
4563
1068
621
6534
9172
5755
9288
3109
6142
5655
6996
7194
4552
4796
5050
2954
679
9755
5688
659
9592
3230
1751
6792
5331
5042
4633
7657
9340
3805
5196
5293
9373
3351
1509
8016
5409
8528
1165
8470
7390
9835
5314
5017
5006
1843
2819
5027
502
792
9828
2340
6364
5554
7599
2231
9713
9097
2409
1178
9789
3422
9650
8023
6066
3005
379
2383
1230
5429
4588
2002
9483
650
1192
4940
4905
5965
8871
3776
261
1161
9666
4610
6735
3434
8186
4757
5428
5701
7537
5866
4135
5084
1516
568
993
3788
4474
6247
4039
9208
6137
7690
4757
9342
4639
3040
9438
4692
8079
1034
8631
5192
624
2913
5742
236
323
8285
9740
3354
5655
4911
5031
9674
6688
3779
3354
4578
8952
6686
7569
3339
8634
4890
5980
4410
3368
270
1416
1070
8011
7936
1978
598
1275
1070
1598
506
6081
3969
9042
2814
2183
9716
3772
7969
31
35
4552
8217
3836
2569
2682
3840
7950
1218
6886
2392
3573
4620
6684
5
7522
4381
7985
7496
701
5509
6901
5243
503
8650
4742
9974
1812
4576
9023
831
4267
2089
4131
7432
2181
2113
5806
6868
9170
5249
1508
3436
4406
6431
7548
1798
1406
8688
7334
9366
9741
3665
9431
6743
1015
1437
4770
8119
4277
6465
5420
4206
6424
1477
9490
2066
2244
9564
8020
5775
3866
1557
773
1895
2162
7854
2348
8216
8676
5308
8313
3309
8292
8226
1273
3522
3105
5575
7667
8567
4696
3679
2189
1028
2320
4005
275
6879
6590
3461
7755
7260
2787
4153
1784
5707
927
3180
9062
4374
7882
6371
2148
9
1911
5638
3395
1862
4821
2459
1093
518
283
5014
4369
1002
3323
2973
7501
6822
1796
6522
8819
1797
4716
2728
4461
7913
9628
4947
4574
3628
7497
2745
6917
3329
1030
5523
4234
6205
4351
9663
4354
9996
1769
1519
5381
5491
4195
7603
8851
1827
50
4252
5473
4013
9436
3435
7802
7851
6231
3648
3867
9133
292
5589
801
2098
1820
9522
7875
4019
5232
3288
8545
8854
8126
3157
4227
4203
5053
170
7859
354
6392
6781
8627
8643
2260
8420
6887
8267
8308
2490
2857
8907
9960
145
7211
7430
5732
6894
2568
7042
9124
8404
1521
5910
150
3965
2161
3724
1885
3273
5949
1107
215
4639
8891
4294
8089
2541
6867
5592
6506
5974
4613
342
3937
8853
721
371
8186
7748
2216
8450
4884
5121
5934
8292
2031
2945
831
2240
3749
4777
4698
4265
915
7647
2514
2149
8874
3955
6771
341
9618
718
2775
2142
7820
4528
7264
1211
2244
4954
1141
5880
9729
9420
3528
1726
8688
127
7386
2778
4263
7344
8152
4863
4444
766
4755
846
1064
8031
822
4399
3108
8835
4371
1450
5132
1771
1618
161
4791
311
6834
338
5885
2679
9888
5157
1841
4480
3373
3774
6788
9960
1072
8130
9241
9735
6891
6190
5472
9196
5762
7823
3628
9503
5853
4332
4915
3185
6888
4293
4776
509
5738
6245
32
9026
3145
8139
9298
4708
8456
2484
6380
6168
4136
1970
5564
1814
2996
688
5086
2615
138
450
6735
3647
4402
6420
9863
7843
3377
8953
3775
8123
7849
6599
3454
9601
6350
7790
8563
5399
5649
9807
45
4866
8932
9225
4800
7360
6403
3042
7397
495
5572
1617
3985
4200
8533
2471
4907
7071
5291
3699
5068
388
8550
8642
7825
1983
3513
2346
5943
4962
5128
1159
8123
6563
8049
6116
5815
6754
8842
5805
4277
8903
7876
5305
8162
1447
7121
1477
2690
5802
1467
3108
306
2894
8594
2164
5046
4627
2308
1061
6688
187
2072
6473
9717
4804
642
5770
1935
1817
6323
3774
2365
8007
3074
3898
4641
1225
3744
2944
2018
3186
7624
9594
1645
9211
1048
8981
2221
4802
448
7250
4438
8500
9343
4859
565
5710
4055
2711
9736
2695
758
3375
1537
3622
2560
8203
769
1946
7466
7947
9196
9414
5214
187
9996
1024
44
2039
6263
8824
4018
8931
4681
3035
8034
4506
6003
4746
2574
9080
318
8887
2739
30
6740
6493
793
6975
6858
7243
1683
993
1810
1880
9204
5076
3344
9246
6565
373
1262
8385
3111
9704
9185
6288
1789
4173
7269
7278
6250
5205
1794
4465
109
2155
683
5621
2792
6879
7224
8277
5039
4941
1655
4148
3933
7542
6387
2641
1407
5498
4771
8310
9620
1903
8221
6319
7591
580
2043
8512
6524
9523
8276
2144
3766
3261
6651
2358
3429
4280
7590
5998
4990
7781
8315
1266
9847
7999
8273
230
2735
4247
7680
9634
8119
7100
2068
1958
8490
3439
9913
7206
3939
7404
4
2361
4504
9040
3284
378
5927
4597
4806
5527
2129
5468
7471
6332
7156
2100
1574
8920
7540
4488
9299
7873
770
3528
97
2325
7072
9110
350
569
4382
8114
6559
7626
9469
5841
7881
2566
2940
2150
8968
1672
6779
5726
9660
7336
3889
9432
1580
2504
6689
6574
5019
3825
7188
1299
1956
9233
7170
1714
8457
5478
3688
798
2251
8910
2740
3717
6038
1858
9527
3130
8071
4096
8982
9848
5147
6606
4177
7372
3847
1270
5025
5499
7830
8327
6866
9242
6345
3338
2278
3314
7642
5319
8656
6799
6328
994
7336
2496
8145
5361
7745
6407
2601
5581
8482
6379
8352
6320
4741
1182
8924
8357
9982
6799
4299
7668
6377
8007
8037
203
2106
4682
9493
9655
4973
4852
4729
1223
4068
6352
3010
6322
1644
9912
7641
2287
1194
9936
2487
3792
292
9453
2866
7065
2508
8490
5205
1722
6419
7803
5255
7765
3857
2381
1314
6732
2212
9675
5646
7791
8716
2760
7114
9785
4465
5866
5529
8778
7612
1364
2959
3039
5882
9311
2757
3354
1251
6503
2505
2193
5309
589
4997
2885
8666
1041
8891
8242
4089
9196
2343
6747
8526
7045
3700
5304
2702
9620
6525
1718
8189
8468
2440
3128
2481
8305
2412
9887
1469
6321
9786
9122
5893
1325
8931
7221
5332
174
2672
7690
283
3374
3903
3574
542
1945
585
6557
224
8944
5280
5983
4097
6404
6351
1867
3029
5201
4400
3133
7050
1985
6518
6491
2210
9930
9393
1403
3840
8254
439
8003
6028
3009
3157
5729
3182
2610
96
4081
3545
1708
5447
5465
2482
5498
6342
2249
3903
1746
9356
9839
7723
7290
86
1255
9025
8092
9471
2398
9906
157
1690
2132
1974
3286
110
8796
1373
4452
3055
1705
9908
733
8182
6886
3930
3918
6228
8291
6502
7787
1469
6866
6372
9136
6493
2316
3440
5440
1075
1528
1942
4861
8788
6022
9482
538
4085
943
7752
7741
5803
3191
1478
6935
8626
2183
5427
6992
8906
3019
3630
5858
9196
2886
3198
1324
6248
1072
3978
4950
4843
3240
5684
9185
8162
4769
2147
333
7159
5967
2784
6229
4760
2316
2673
6989
3049
2347
6083
8582
8927
1064
4231
3171
90
219
4863
2598
6001
6932
9523
6808
4848
9083
3814
7764
3687
4297
6268
2015
9388
4164
6113
7738
3778
5329
8322
2245
9343
6469
9318
8081
6835
6895
9782
5103
3542
4364
6794
6054
8013
9358
9052
8460
7288
7918
3378
4270
5032
9909
6092
4491
2437
2982
2056
8499
8814
9187
1369
2761
7339
3806
6221
1019
389
1826
6306
3310
8820
1498
7772
4620
1147
434
3956
8188
3996
1586
58
8428
7635
1516
6734
1434
434
6580
2449
3102
9810
1188
8318
6643
3317
2793
659
7376
5698
8239
131
2485
1486
7762
4424
8641
9412
7789
264
897
4035
8575
2675
343
6455
448
31
4972
7417
8438
9227
4497
2773
1198
6300
3100
9948
7536
2979
6838
7243
7835
2823
3758
7919
2832
1305
9387
9984
8465
2905
9918
6120
476
4872
5941
9727
5285
2501
7928
9098
719
5630
2486
4466
8204
7816
1880
7886
2321
8930
3571
5539
2871
3556
9522
2038
1669
401
2634
399
9271
7341
8388
7435
5017
7986
6466
4861
5796
146
2784
1758
4212
6204
4997
5711
6962
747
3037
5250
8027
4684
5747
6553
6023
9942
777
3204
2746
7167
8549
8281
8962
2805
6330
241
4961
1635
965
1323
2927
8525
1421
2839
7226
7058
3957
805
229
4522
3409
2604
9042
623
4069
8038
5744
2773
8904
4360
5210
6328
3624
1178
15
3860
7030
3136
2560
439
291
9539
4800
3510
3649
3098
5175
7182
5562
1431
4156
2924
1076
8929
9266
6386
465
8076
3578
5569
7292
9790
4899
3038
1725
9813
7684
2231
3175
8307
274
2553
2303
2242
204
5675
5978
6257
6256
7488
9790
1898
7299
7428
8436
8908
4080
3499
9591
9799
119
5307
1668
6403
7671
4340
3263
8277
5431
6641
1599
3388
9824
6165
7816
3731
530
1740
6300
9108
8340
6050
8372
1885
4978
2551
3912
7131
3058
7945
3292
2509
1417
2366
5375
1990
2607
8942
5240
7014
2730
6577
3650
5106
111
9077
9704
6885
8153
7793
8760
1629
4581
8116
4939
313
2298
8821
5610
4634
9013
4334
4884
2590
8181
1167
1697
8978
2983
5426
6027
2235
556
125
6921
6705
459
6045
6412
6391
3220
3922
5901
3612
8067
931
2016
3664
1512
9084
2037
4436
8257
2315
3289
4882
2479
6220
3399
2109
6448
7163
2832
8787
5201
310
2123
2287
4515
9753
2826
4689
6505
5366
2416
181
8614
9647
4038
8472
7671
8657
8127
6797
1541
5957
2581
1875
1065
8704
1392
8078
3811
6260
2922
4908
8488
5680
3824
4589
7360
7123
8191
573
5138
6322
5581
4131
8341
6169
1833
6421
4452
4041
2794
7596
787
6840
145
2916
7014
1100
6201
6309
3821
799
3814
6593
9467
5272
7055
8824
1683
7206
8144
2109
986
9733
2643
70
942
5530
405
1570
6068
2460
9863
8135
1280
875
733
6125
6367
6054
4572
8289
5289
9707
4377
170
4018
8701
477
6058
4771
624
6593
5054
8060
9790
561
331
2153
5819
8662
3751
2652
8035
3007
2373
4084
5425
4092
1183
6889
7300
2716
8626
9557
8921
6941
252
6229
4256
7695
9869
4218
707
2519
3648
2805
1386
8977
2793
9618
311
9001
1011
1166
9588
5031
9696
6726
4137
1355
2957
3540
2620
4737
7053
2994
2391
532
6121
6229
4743
1153
5396
9174
359
4875
9912
748
1599
670
7265
4018
1635
8027
2360
2598
8018
3732
708
8798
7397
3456
9415
2821
3780
2113
106
8918
543
1152
2441
4558
2571
9912
5257
4442
1044
2093
7014
3103
3536
7469
3795
1635
5863
9501
5081
3275
9636
9316
4359
3815
5188
6339
3502
3478
441
2856
1910
60
2459
7739
895
3108
3243
1565
6881
9590
3704
81
1701
9463
1850
5388
5507
3170
6897
9365
9657
6122
2943
5672
3960
2403
3915
6427
6352
8925
8038
8584
9408
3275
444
9598
7440
3971
9649
2027
6245
7585
6080
2024
9842
8388
503
3821
787
1500
4429
306
294
8570
8764
3469
7104
9452
9098
7854
8850
4977
8506
660
7465
8915
578
9625
3689
441
5074
4759
5551
3349
5559
9123
1430
9581
581
7158
5696
3655
6884
6142
7473
8894
9506
2544
3398
8422
7697
588
2899
8839
4735
6415
1901
9667
6229
5798
5548
9357
4001
2782
6163
8013
284
4985
3370
5831
2307
3433
9422
4425
8669
2087
5770
6300
6833
8159
8550
1422
3209
1671
6407
862
3638
1668
9744
6554
1886
9195
5051
9344
3906
5874
7795
9510
4941
2647
3915
7805
9831
8632
5047
1087
252
8024
8659
358
6658
5656
983
4249
9324
3305
1875
3246
38
9300
8059
4277
8538
3075
500
6975
4452
5544
7137
7706
978
9138
9250
9882
6586
3315
6342
2818
1021
6699
6449
2340
1981
5572
5940
9907
7291
1379
8025
5302
4145
9398
4710
7617
4424
2310
4948
5340
8875
1088
2817
2921
5187
3093
1935
8700
2309
4023
9565
7998
1345
4001
1626
2075
179
4345
4545
3439
6475
7394
9144
3964
9625
274
1811
1850
8915
3971
518
8321
8144
5012
5892
6288
7169
7529
7055
9653
8845
4463
2405
5577
4592
8860
3948
5202
8147
8050
4608
9167
6005
3638
8965
4092
4775
4609
8970
3196
3833
9574
1152
6380
6062
3521
9062
3141
5343
5089
4688
3934
2606
1524
735
130
6717
1996
8231
3211
7604
3974
692
5387
3902
3771
3286
5953
2866
6165
8038
255
2800
8745
4684
395
5953
5455
9300
3720
6299
5375
59
8299
4396
5697
9261
5019
9884
5302
1659
4955
6975
4164
7865
9188
4809
5331
7248
3007
7934
1382
4081
7891
3593
1125
4562
7725
7734
4513
1356
9316
4715
3984
7924
5964
1177
7507
7560
3980
4197
5499
1829
5050
4334
9960
690
8264
4103
7713
6369
171
701
2766
2338
1812
6225
1438
3608
2808
2622
9074
4694
9090
4120
4150
2399
9698
3065
7700
2641
4879
6512
6520
3224
6020
7126
3320
1941
3279
5120
5828
5661
8853
2227
245
8102
27
6989
1074
2430
836
7655
2973
6496
7793
7304
6203
6056
3087
3089
3540
6019
3366
2227
8912
3243
4075
612
1927
4274
7821
5069
7023
8469
3626
215
3563
24
758
5026
4268
6750
8099
5607
9637
1931
2023
2342
283
2028
7417
321
8480
2553
2947
7005
9687
188
4129
3752
6319
2623
6584
6917
5440
8135
6414
1484
3571
5245
80
3648
2067
3402
3642
8535
5614
1368
3900
9622
1724
7982
1847
9836
79
7326
3957
860
7876
8145
3484
4130
1803
8314
798
1673
7657
1559
2921
4671
8927
317
8211
4681
5792
4696
7936
7948
9699
4595
4483
1555
6606
374
7213
8249
6070
861
6677
271
5674
4140
4270
1863
7684
213
1502
4705
8602
7419
9855
786
622
4998
1516
3572
9100
4080
7123
3072
7059
6846
9615
6387
7822
8403
6310
1941
6504
3164
1887
3196
9713
1564
6890
2357
3307
4190
1944
8988
7174
2255
4211
9235
6882
3902
9080
8560
564
4296
6488
5091
125
605
6875
7133
9137
7334
6248
2348
736
9823
1949
7839
3503
7439
6221
3041
1776
7931
8595
3680
1363
2449
2809
1768
9848
8719
2835
514
911
4537
2205
9372
9511
60
8110
9869
9272
1235
8698
9554
4560
3592
8523
6116
763
3398
5691
4897
2523
2687
8052
6717
3945
2042
9854
5889
5818
9379
3207
8847
8092
4813
1033
3627
1849
6498
8509
7631
4551
7624
1659
4154
8060
2618
2257
1412
7406
169
6562
8536
2546
6341
7853
1696
1491
3865
7870
1286
3522
8176
8093
3955
4705
7680
583
5338
9500
1208
3568
452
652
1414
920
4100
3363
2009
5913
3905
7930
5533
8498
4572
7236
1184
9454
3943
9684
1926
6803
6396
2551
4653
9587
9819
2593
6813
8555
7731
7102
2985
6805
3177
7950
3600
4460
508
3277
5227
5072
234
1260
3277
6480
4018
615
8700
6384
8939
6601
5661
1527
2500
5506
1824
2518
7170
7096
7286
4898
3688
2298
4046
5127
8776
6107
5297
284
8898
6756
5072
2662
4299
5199
2660
3154
7862
408
5615
2425
6880
2786
344
4531
8392
5600
1194
5317
7933
9985
2044
6455
3073
9307
9706
6820
6259
2567
3088
515
1035
8085
6052
8289
1218
8870
5471
6549
6432
2788
3922
7593
6499
1985
5927
1552
1693
5267
8066
536
1519
5766
4504
9492
3179
6211
335
8559
8963
2456
1827
9707
9059
1799
6591
9375
2728
8447
5751
303
2158
9610
3774
825
4419
3829
4361
460
2498
7821
5241
8027
1884
8918
7846
1190
4724
1371
6199
4439
5568
8891
3157
4502
7176
1362
5213
3085
7238
149
9920
5049
9488
9856
5541
577
3746
2384
6875
3566
2633
6742
1459
3559
1706
8059
8060
1097
2595
3184
566
5551
8199
4486
4995
1562
5043
3482
7446
4982
9947
5242
9175
3458
731
4760
8600
4816
6770
1166
6087
5027
6215
5078
6531
498
3037
3456
9478
1562
6601
632
8337
242
1923
760
1285
8163
4101
8885
6566
1183
1446
9097
454
6660
5371
4764
7759
295
8360
5899
1230
5812
8907
4832
2087
4181
1220
46
661
2091
758
3846
9487
497
8567
2953
9490
5395
73
4859
5033
3474
1774
1243
9070
9909
4024
1334
3171
9815
4927
6682
2900
7747
5713
3710
6391
178
507
2459
2543
9135
578
2131
6262
5668
2189
8147
6781
4402
2021
3548
8306
3019
8696
4250
158
6804
2100
4848
4535
2501
3426
222
6542
2045
5752
6910
8597
6286
9239
299
3511
6028
4108
4791
2365
1354
5709
4306
9248
7846
6091
3021
355
3613
3037
8623
7542
3244
5076
2490
2436
8766
4200
8698
8196
5822
6176
3099
7083
4236
2357
8405
3839
9663
1346
4532
1238
6449
2958
1639
4541
7822
5550
3235
9078
2947
8869
2195
1957
8227
5439
4696
276
5284
1931
3115
535
188
6458
5103
6587
7326
1737
1478
4466
7895
801
2050
334
1578
3613
9804
8276
4964
4493
4397
4557
7142
9302
5448
4421
4317
4371
7650
8800
910
4292
1230
5847
6089
8277
5988
338
5428
8070
5573
2071
3033
4404
6279
1681
5445
7133
5648
3449
8977
7592
4409
9660
5248
9497
2252
4497
7760
4695
6146
8521
7919
2519
4363
7437
3307
6795
6021
4618
9784
4113
9131
5553
1171
3695
5957
2125
2964
4056
140
7433
7814
7233
5714
5688
7196
6189
3130
1477
7041
9754
5722
5267
9888
8321
343
8366
4158
2288
6537
4598
66
7806
9620
9070
4025
3778
6181
1083
8441
330
1991
3834
6499
4841
5464
4382
7543
7362
7764
2326
3323
3463
3582
338
990
4734
5761
4006
3500
2180
3349
2472
7812
7415
2320
9332
1966
8613
4936
3160
8579
1580
226
1799
8845
483
9392
1884
1186
672
8334
8861
5087
877
9468
3616
7272
3897
6895
2411
8081
7731
4597
8556
9283
1666
3897
8603
844
6043
1654
9312
3700
6348
2767
9007
4306
1272
4495
3203
29
2642
9583
2340
9488
7152
5351
1544
7522
406
4818
7506
2750
6084
5697
4176
6153
473
1632
3790
1548
8560
2665
6625
2653
4718
8225
433
7630
6418
4980
4388
5203
3698
9740
644
9517
2865
9023
6516
8827
5418
6316
8460
3739
6571
9326
903
8215
4383
5490
487
9490
6332
454
905
4925
8701
5745
6520
9944
3856
2306
5908
6755
3249
5157
743
7006
389
359
1362
4064
4043
2240
2193
1788
8724
6891
2534
1185
4106
2657
5611
2465
7272
6464
1335
5298
549
2734
4798
9312
5864
6077
5377
1742
4741
1787
4882
4080
7438
7980
8027
5178
2615
7899
5812
4921
5556
498
5273
9183
2461
9876
9067
1336
8941
6744
5223
5248
2163
5849
4338
2489
4032
5923
7111
4244
6248
7158
4654
6271
7146
5131
8591
5052
5439
1076
3869
6579
7988
6750
7300
1747
7632
757
1802
2471
4239
7658
3999
452
5882
8485
5905
1426
81
2811
4065
7320
1777
2881
6440
8117
2617
2788
455
3814
5198
7874
2669
6219
4638
3071
4181
4850
1163
5973
5770
9698
2493
3342
8736
3837
7085
8452
3477
3750
5970
3542
2935
7521
2407
5504
2092
3078
9594
2636
181
1862
7008
4597
123
4773
1872
2383
1986
5545
5090
4761
2725
647
8206
9376
9886
9774
2494
9407
5639
6495
6302
6152
309
3756
9866
2937
7049
4131
8359
9489
286
9938
7022
9892
9223
1866
3997
9765
1551
2831
3752
5541
3437
5987
1151
8256
4092
4923
1545
4350
2116
7945
7280
8297
5722
829
1395
5179
5163
7922
3271
8460
3984
1668
2242
4059
7042
9892
1553
5483
5984
2891
7996
3470
6857
1744
8829
7092
526
4521
4762
2566
9994
6665
3980
1803
7650
6469
9125
6789
8018
2373
2
3746
9266
850
4000
2591
6220
238
4429
8552
1979
9107
5511
2052
4678
681
5286
9204
833
2409
991
9775
6461
7313
9332
4066
9787
4525
8259
6283
3632
2917
3071
5635
4011
2747
8588
7176
5461
9480
6061
5961
5129
3513
7386
4197
3908
6642
509
9221
8970
4401
1852
6571
905
3684
7373
518
8527
6463
8869
347
4436
2593
6562
6134
2685
1999
5734
5901
5843
2966
6017
7738
4376
33
934
5234
5604
5805
2253
2948
388
2417
5384
3428
2123
6130
7755
4762
2903
9327
6029
1376
1142
1262
9755
2926
7501
9327
4084
8884
5254
4755
2781
7254
1924
9148
3525
4836
8653
1187
8935
7365
8827
1946
8741
5852
8144
4509
305
3052
8930
6232
9199
9927
7041
5093
2887
4006
5337
7353
5645
5
4626
6176
3788
5898
578
825
7794
2747
5272
4347
9686
850
5201
8912
6558
9145
4798
379
7861
3228
9086
9887
8699
8936
1366
9274
6557
5524
7286
1716
7977
9986
5113
2934
7518
8373
8316
784
9522
3354
7908
2788
6812
3500
6458
7418
3682
3156
988
6748
15
3731
5359
9320
5055
361
9351
9057
5591
4865
5159
6796
699
5318
7129
2276
3643
4121
5079
2402
9961
8062
246
3077
7283
5616
7452
3070
9473
4322
1390
627
4869
4851
3048
7527
219
6554
4371
1267
7574
3022
9908
5142
6839
9206
3709
4710
7309
6370
4748
2956
8297
1750
7421
9352
1023
795
8335
5061
6856
3989
6921
2989
9011
9056
8051
1853
7278
9609
1625
9246
9868
3649
8402
2055
1264
6950
4700
8626
8287
8108
3979
9880
2310
7067
621
4071
8090
4076
830
8109
9139
8468
7458
9623
2793
4283
6698
2937
3190
8291
2056
6641
4904
1262
2642
7523
9584
9231
3595
1893
7505
9678
3089
5713
5923
6690
1867
5209
4889
4293
2876
9802
3132
982
6212
5260
1210
9943
8833
8436
8840
5182
3636
8156
5845
7568
9565
1169
7640
5204
3833
6279
8028
2787
7533
2782
1207
6955
2849
3136
5856
7454
2324
8495
2750
266
7411
88
6346
4581
505
6750
1727
4334
8928
8397
4588
6790
7049
4019
4988
4333
2021
7775
6757
3854
3477
1387
5627
1756
9320
2689
8649
2017
9392
3583
8259
841
5345
3331
5663
1224
5770
4642
5389
385
1690
2399
1409
4271
9430
3040
1095
1186
5744
1468
7510
8192
8555
3712
8879
1988
9346
2094
8683
1014
3792
5077
1204
2516
9385
6571
695
2923
865
5013
6128
6799
4030
7324
3481
9098
8626
1977
5277
6420
7906
6881
9709
6795
5025
9176
6221
7273
7521
8087
2673
3773
9584
4653
4878
7566
8810
9674
2289
3717
6272
4121
1937
1224
5913
104
9332
3991
958
6476
2580
9917
9571
1188
9959
9521
7093
1435
672
4444
2524
7166
9934
7500
3582
3837
1136
4314
9670
1088
7570
3610
8182
1310
529
9283
4667
2293
7095
2693
9469
9806
1779
7929
2666
1107
5022
2245
7008
4336
6701
8514
7034
5123
3826
596
9847
7714
4141
6115
5390
5916
9408
6936
2307
7710
3639
3889
9317
6634
6739
5479
8008
9156
9377
8935
8839
2809
791
2672
4496
7962
1618
3936
8849
7454
2277
7832
9058
5725
2970
5092
6
3594
2728
6136
6943
3762
7911
8116
4198
3787
2727
5246
6554
1718
1689
1042
4445
9322
7635
6254
377
4674
8221
810
2159
2449
1452
5470
1689
5211
8337
8322
9822
1274
9824
1875
3734
255
4532
8372
3984
6424
8230
4877
9577
288
3321
8532
1056
6229
3849
6194
3602
2239
1843
3678
9962
9938
7156
940
6335
1361
9258
7042
9689
2785
1514
7047
5989
8009
2738
3421
7469
6902
9621
8672
3064
2078
69
3190
2937
9089
8102
789
9815
7246
420
3921
7870
968
358
1671
3532
2615
3647
5676
7600
9561
9218
3226
6273
9188
2346
2174
9647
821
550
6002
4291
2956
2825
4787
1907
1028
9923
2592
4241
1286
1524
1886
5298
8991
9501
2048
8055
1193
6415
7024
3934
3184
8217
7045
1086
6983
2029
3891
4262
7212
9868
4355
4413
9163
3042
3685
2623
6218
5649
3849
9229
5692
2768
2338
4190
9563
1076
9786
3385
2512
8346
3702
13
7281
20
1263
9202
1579
2594
2259
6278
6023
7911
1994
7117
2175
7577
7644
4261
8594
8018
1546
3080
9630
5816
34
4854
8065
5231
7808
6734
8432
9777
3505
6866
6188
1517
3789
2118
3412
8113
2917
8403
2165
4721
6093
5873
8260
9583
9148
3571
7810
8704
1696
3495
1236
2687
4959
2572
4526
3147
995
6746
1908
3242
5171
6172
5965
34
1400
6264
968
6316
9353
5801
6581
4720
4300
9876
7393
5826
8074
8753
9600
6444
8439
5302
2776
8266
8219
7377
145
4462
3388
4297
5859
4872
9266
8771
6907
2396
6744
1745
4793
6953
6950
5087
8346
5477
2630
2243
7526
755
5522
9605
1019
8892
870
7994
9190
2511
526
9145
9636
5568
5514
1073
9
5102
9954
1096
7130
4234
9362
2675
4474
8906
7223
1592
9701
9682
6285
8530
6739
2580
5532
5924
9813
2256
1544
9627
2955
8807
6240
4779
9338
1805
3069
4583
2621
9509
5833
9748
6154
9189
5852
2488
3919
7252
9329
8368
7226
237
7715
4957
9708
9802
4329
7831
5895
3872
6763
5340
2854
4476
3937
1851
3896
9530
7080
6861
3843
1977
9563
492
5823
3420
1553
8753
998
3747
4766
3216
9140
8895
8338
7613
2882
7697
1726
6172
9357
8804
1455
5435
655
7610
3818
1820
2621
4434
1241
6534
5064
5533
9014
4938
7032
9064
6126
7026
4605
7411
5674
1128
2364
1567
1462
572
3494
5492
3631
1487
3130
8997
6600
2987
4343
3118
9056
9946
9695
5872
8938
2408
8260
2
6518
5766
5535
6476
9387
8350
6847
618
7512
431
4355
8313
7170
422
8391
8225
1679
3158
3265
2332
9266
8250
6337
4776
3275
7471
3246
2640
7676
8862
7665
6291
7297
1080
7943
4745
6343
2695
7815
3282
9239
3396
2494
6170
8921
6059
3265
9670
2155
9673
7576
336
2129
3166
8735
4720
9566
5353
1785
2358
8255
6371
9589
4030
9443
5198
4078
6782
5349
9674
9018
5402
475
5121
3917
4594
6796
8286
6557
4339
504
1347
3663
8312
2264
4366
7344
2959
9173
1134
4425
2602
6882
8554
579
738
6812
4508
6077
4031
8246
996
4746
3122
5973
7032
8317
8127
6086
813
776
7552
3252
4031
7690
79
7691
7466
5173
4534
2372
5411
6817
9524
2234
1092
9232
7651
1619
3822
7335
746
648
9354
5444
1
5433
7300
1599
9141
9005
6164
3906
8510
334
4039
4065
9139
2539
5579
1032
4771
4994
1383
8395
5542
9960
7162
3244
8900
9870
8000
9560
8751
1229
8733
5427
9628
1827
8549
1000
2404
1963
9167
5711
3222
6500
1832
2058
9085
6163
6135
962
5945
8617
6915
8788
1413
3795
3000
3285
1380
5489
3963
9874
8550
3168
9798
4068
5890
7431
4906
2983
1287
5560
9893
355
5827
9711
5559
7752
4084
1676
9092
6147
567
8352
5151
2071
5295
2501
2961
5022
6248
5843
6095
5296
6095
4743
8991
4677
187
3047
4914
7280
2499
5708
477
1521
2636
1921
4930
9300
372
429
9613
2194
3469
9688
1160
5412
2069
2791
3467
7093
3099
3769
5575
7245
2308
4439
8166
9308
6333
5184
1751
3491
201
6189
3617
2398
4724
2882
2417
5379
8906
4734
6167
8237
9936
674
5899
9911
8157
4445
8248
5315
6416
1565
4946
432
2752
2059
2151
2860
5411
3149
1765
6419
3131
6330
3725
8954
4812
1871
7217
8603
8507
4485
5859
8821
1566
4409
1314
9242
8734
4250
4089
6797
6529
6882
3381
1453
9174
378
5009
1131
8799
9416
8047
3363
2622
4548
4029
319
9345
8566
241
2190
3384
8556
8902
7871
4641
1983
8249
9258
8614
2526
9051
1231
3758
4840
3528
7238
4816
7370
5838
4934
1407
6269
6865
2155
8246
5889
7270
5652
2904
1531
8463
1849
8846
9363
1508
9116
4707
2406
8594
6651
6570
3095
4071
6796
8154
2706
4259
1316
7766
3730
8783
3951
6627
4224
9754
6218
9888
5207
2713
709
680
5627
7011
182
4930
6744
9610
5567
4621
7829
1593
4540
4727
1604
103
2855
4544
8470
3341
2212
1535
69
2298
5074
1862
8243
8116
8604
4627
3792
1492
8636
9840
4041
9902
4341
4882
11
3261
7265
3534
839
6589
7160
9671
3014
9506
6006
2918
4063
3785
8193
714
3750
2382
4646
8930
3063
497
1514
4436
2601
450
7110
3764
2390
3125
143
3278
5260
5414
8581
2799
4656
5318
7981
9519
9358
8682
6163
1840
8612
2925
3509
3797
8906
9926
2073
4218
3820
2949
3975
603
5066
1383
4441
2636
9833
4261
1736
757
9982
7673
321
4316
1433
7184
7119
8204
4254
6494
3041
2209
6615
6598
9995
660
9501
4464
8815
1947
6470
2973
9838
4784
2561
2241
8175
829
6671
3653
8635
6271
1045
9893
6192
8790
4665
19
9229
6056
1559
8464
5897
7454
5632
8918
1535
6441
2602
940
1402
5883
1838
2420
2255
7975
6380
6731
2382
8162
8039
3030
1223
7502
1875
6419
2698
7091
9623
1027
2637
4380
8430
9273
5104
7090
4056
4151
6401
3322
7980
546
4087
7263
9808
2958
3561
6767
3309
8542
8192
3394
3726
7952
9558
8555
3180
5209
5615
4399
6543
2416
8476
5019
1033
6259
4884
6462
1063
4626
2360
3565
9838
445
2197
7725
2283
2043
9805
1622
4483
3050
9966
9306
3482
1242
1737
5792
6466
6589
998
2438
2564
9938
2804
5849
4455
5591
4218
5774
4560
4546
1766
7149
3381
5413
5575
8042
6855
4505
4629
1648
8329
5171
7677
3177
9163
8317
2676
6737
1959
1892
9747
65
8840
9339
522
5617
9328
7710
2626
4633
2765
7412
554
1772
920
6967
5840
9366
2147
3101
47
8438
1591
8530
9348
1986
7711
3066
4177
9281
1200
4672
120
63
1308
6056
8097
1725
2551
3069
8103
5843
1231
3930
2916
7706
4728
5601
1425
2702
4511
2194
3549
6517
2935
3750
8053
1641
9982
8190
3825
4000
5566
5596
4410
2506
4913
9587
248
3043
7463
7287
8602
6975
7813
5966
2238
1443
1638
9882
4068
7642
2857
4709
6788
5829
2007
7050
1264
4102
6617
3671
9789
7617
1998
1952
9482
479
3673
9596
5856
8327
1946
1897
5632
4393
9410
3109
8917
9312
8828
2018
5488
3028
6228
4647
9003
635
8550
9110
8782
1420
6247
4178
4015
4586
4948
1353
288
443
5053
3881
7079
4485
4405
2727
7905
4789
7656
1041
493
6568
5101
3354
3713
5272
6302
3803
4968
4414
4015
5280
4682
9887
4310
9559
7007
7470
2641
7212
7454
9341
2724
2047
8731
5870
884
3036
9221
8549
6273
7193
8915
8286
221
6736
9444
1557
2726
3678
4963
4533
8587
6306
3040
1057
2174
2897
8282
5315
4125
4951
4839
146
1454
3678
4422
8014
3994
9490
3235
7410
5636
2864
5340
754
1933
8359
1479
8323
7842
5950
5503
5185
5512
2236
296
8427
5795
3008
7544
3433
7818
3692
9350
5480
3862
6385
6670
3932
3210
5420
5007
8840
279
1087
1170
9430
125
3485
467
8381
4639
9816
6282
6616
8172
2622
5119
6349
8045
7147
4314
3004
3382
524
7103
7
5654
7053
8104
7514
1906
5889
5374
5437
8981
3133
4638
472
8547
9931
4306
298
7316
899
1040
2939
606
5995
971
7391
7041
953
5046
8904
8049
544
211
719
7019
4791
6388
7602
1011
32
418
9089
2439
4487
9762
2895
1876
9535
9974
1446
9983
859
929
3400
2258
3308
4186
6603
524
283
687
6673
5493
8179
7533
7962
8007
7287
2354
5066
7694
4193
5399
2792
8207
2084
7689
563
6962
5102
5148
1907
8397
6795
4170
4827
1203
4688
9244
2079
9109
6498
9574
7314
1894
5172
7282
9244
8166
8643
3755
1255
8159
4581
9173
8571
4289
6848
3626
178
5638
6715
7711
6178
1324
9861
5783
9081
9428
7847
8555
4717
2726
9095
3172
890
4116
3835
3848
3947
854
7961
8900
557
9640
7998
9332
147
5938
4186
8551
6832
9397
758
4155
623
9755
7674
4238
2792
8782
7003
1707
7066
758
3313
4020
7957
5721
8680
5116
8808
4709
9349
6842
3975
5654
7945
9057
2090
1201
2026
1148
797
9292
7469
434
7809
7490
3394
2339
5534
6103
2209
908
9661
2566
6871
4120
9882
6811
7215
1310
5678
7795
4238
2104
8588
4532
93
3404
3211
9298
8254
483
7584
2782
8524
8071
564
8983
9265
3370
5594
4261
256
7285
7892
6877
8051
4982
3271
3193
1206
8741
541
2086
7592
7657
367
2429
1380
6605
2874
522
5146
4565
9754
5179
7622
9313
2792
7955
8973
3152
5973
6140
7931
1125
3269
7551
1033
9241
8604
4233
5881
9063
5107
746
9590
3553
8726
9366
6766
6783
7726
5471
8526
3811
7957
5702
6949
5213
1546
4026
8293
6981
2620
3523
4534
3636
9698
2380
4990
4452
5681
8259
5514
9371
4929
8
7610
5751
3724
8441
911
1410
1025
9278
4327
9750
1411
327
824
3951
9035
6012
489
6615
2727
6959
9909
3972
7090
912
9625
527
9808
2654
6464
3569
4575
8149
1414
9986
7380
104
8550
6082
7335
5252
9002
5262
4206
7174
955
2653
5106
9016
1414
1656
2535
856
3049
7333
4677
2455
8797
1408
7835
9948
2816
840
7004
4564
2115
8376
2693
6771
3257
4345
7599
4329
1610
6452
3137
3994
8828
5137
1032
5762
886
1772
8793
6656
5056
5658
7262
6293
9437
1854
8934
3235
7637
3549
3040
9798
180
6288
1534
5830
9588
6430
6966
6229
2557
8845
2335
5193
7076
5902
3354
3703
2375
2315
265
3073
3808
7461
5378
7441
8640
5840
4697
4806
507
4909
4608
7117
7715
5374
4223
6978
7691
9336
8804
6798
456
2320
8003
2489
2335
3590
8264
4444
4883
9505
3179
3330
5799
6930
9166
2819
3165
6999
4447
8839
6308
6503
9345
6080
9909
4661
3534
9243
8224
6041
1121
180
4740
189
8629
1838
5844
3716
2116
6713
8947
2281
6901
3074
738
5421
3043
5927
2638
7895
8684
8327
8347
4928
815
156
8653
6348
383
6888
6768
8717
2347
8296
6561
7451
8043
8496
1860
9726
6307
3996
5996
7797
880
2217
2841
846
8705
2035
9870
2814
5777
8338
3173
9681
7081
3489
643
4246
585
1346
4070
6497
1047
3081
3415
5157
3625
7986
7926
4607
9514
2012
8373
973
9257
2530
9427
8284
6397
3578
760
8149
6362
7822
812
2219
5467
2182
6501
2215
3701
7909
9764
5429
4264
930
3852
9065
4256
2494
37
5428
2056
3738
270
7848
9928
2238
457
2033
1984
3047
5949
4769
7399
2604
9087
4962
5205
2573
3557
9395
2573
4719
3960
2951
2208
9289
1733
7242
5989
136
929
2159
683
2033
1043
9681
5702
33
418
175
9588
6917
9528
8668
3323
723
2050
4139
6049
1808
1151
1145
5169
2439
8397
1603
3960
8190
3330
5634
7486
1925
5934
116
1814
2845
1666
8748
4643
1397
5517
7564
80
3784
2919
4572
9256
7861
6386
8700
3373
7800
4790
1658
6769
8190
852
852
9706
9681
4755
9664
2888
9629
484
6676
7759
4126
5777
6064
9588
6704
7748
884
2180
3745
2396
6137
4631
2538
2516
6707
2458
7220
6985
7366
2341
8038
9833
1785
8393
7248
3422
5961
1343
4150
9794
2977
5686
6252
4900
2731
4577
4901
5511
2570
9635
5590
447
1778
243
4348
9581
9557
6065
981
1213
9245
3507
2991
886
9211
142
2940
2508
1559
586
980
5368
8095
7607
5915
9081
5078
5281
7431
7761
4530
8706
9494
9152
9657
3800
5013
3777
7127
5715
2672
7195
1711
9156
309
50
7992
3511
3570
7661
5441
6927
128
4126
2782
6199
6014
2627
7599
4241
7156
2323
5557
9720
5333
846
7911
9508
9382
5615
4319
6436
2398
1567
2113
7357
7357
6391
3156
6781
6248
742
8500
5798
2989
9845
5270
6906
8843
8069
7276
4556
9007
2706
7283
4779
6595
2014
6589
709
2975
1031
8534
5669
5741
8245
8030
7557
3112
6219
3925
2262
4027
5461
4461
103
2024
2981
2090
4146
4328
6031
7130
443
3578
7618
5733
1260
1573
6876
106
5283
3599
6434
6567
252
5603
7556
4563
3275
8421
3726
3732
6196
4323
1342
3310
4210
3412
524
4434
7553
393
3027
4924
4009
4482
9632
8642
3170
301
6482
6613
9508
4608
672
3906
1253
2285
3531
8674
5499
2111
943
6851
3052
6314
7258
9608
3983
245
2934
4525
2594
4552
9833
8174
9889
4111
5326
5094
2463
1399
3613
3280
9194
3109
4728
8939
5166
2312
164
3419
7669
5156
211
5613
6517
1705
1262
6724
7855
1734
3382
7611
2147
2111
2768
9734
7131
2180
9369
3589
6319
1771
7253
8626
9608
7319
1204
9851
1255
5405
8089
1163
5570
9647
4960
6263
2959
9893
8076
8234
730
8562
7005
6377
1697
3808
1213
774
3586
6319
6501
8587
3729
2902
3476
96
6560
3110
1022
9562
7519
5387
4431
3457
8606
6873
6079
1150
7969
2944
7398
3731
7690
3611
6042
2436
7825
7369
3536
3867
1856
6775
254
6968
4474
817
926
1456
9197
1872
7175
9293
3045
3246
3880
6425
3820
4847
5232
3466
146
2094
9996
9549
7563
1703
9582
9785
3295
4620
552
5259
7663
8839
4287
300
1563
6560
2284
6
8588
9951
639
9034
4712
1485
8402
8048
9416
2648
3663
721
99
8420
1304
1321
7119
1732
8111
3412
4247
9137
3258
2455
8346
6308
1344
9491
7992
5605
5081
6246
2271
4609
7521
1633
511
5063
4287
1889
2188
6790
9874
47
7270
7675
3929
2297
4334
6615
1697
1687
9207
1557
976
5572
6425
8685
8213
3180
3436
7161
6735
9429
8376
1001
6487
2594
4897
8008
4671
3902
3182
8678
8770
8761
6838
2542
963
5222
1434
81
7330
1571
8685
7964
4716
3664
8423
3616
8182
3054
9787
1517
1399
1754
7603
4473
9516
6341
230
5355
7139
1040
6648
5629
3229
727
1558
5600
8845
3849
7185
4839
4122
3350
9237
9520
3016
672
9794
897
8523
2675
1725
9679
2096
9681
9216
8138
8664
4563
490
2196
9887
6574
8468
303
3410
2230
6419
4992
7800
9568
9136
1995
6269
3089
716
7016
9089
1916
2746
6328
8231
3787
8786
9138
9582
8279
4191
6534
964
8373
2392
8015
7005
6028
7940
8962
7470
7448
9438
2568
9384
9298
4666
7918
7529
8954
4140
1050
2303
1813
5861
4515
3281
8900
65
1192
8068
3866
3162
4656
3693
1672
1817
5873
2343
4263
4111
8406
72
7074
7423
6488
3545
3462
6972
2094
1054
8524
6578
199
340
6985
3078
5726
7658
1331
2397
9839
6818
2896
1702
1071
9156
2173
719
6287
3726
6651
8974
4894
9027
5127
2788
4164
8954
6684
9841
8862
334
8956
5241
5216
2136
2281
5111
526
4497
1207
3959
8462
9851
5581
5724
5143
5675
364
695
7989
4562
4786
4537
5824
2859
1892
6467
5910
7213
2143
1279
1737
1323
5790
1613
5990
4974
5903
7537
29
7988
7931
5391
679
3298
8976
7726
5551
3557
5305
9686
7449
4513
6391
7002
2786
2143
5701
574
1108
2984
5643
9294
313
3346
4339
679
9663
3898
4451
307
1346
5011
2261
6830
3906
1210
5040
5614
5452
6450
6341
6796
3665
2461
6707
1712
6491
5317
8714
8661
3710
9964
2696
9783
3960
9059
228
3566
6055
7996
4709
1716
3350
7010
2536
5752
8974
3717
6250
7738
9637
6106
7539
3681
8899
8545
306
5431
7762
4834
988
8588
1223
6225
4125
4954
6523
3321
506
2769
3409
2400
384
5708
5828
8559
1505
2026
2263
9376
5390
9391
9987
8850
4069
9631
2428
4368
7968
4729
9577
5493
62
3937
4285
5397
8578
3597
4480
651
8150
6688
3829
2538
4235
4605
8703
4633
4128
6054
6749
3040
5499
2449
7966
978
1906
3271
6650
4267
4899
1206
2728
6339
6036
5081
7205
1555
5863
1193
8109
2121
1575
7747
1192
264
8972
2413
7610
8080
9387
8003
4640
8587
6903
2064
8654
9702
5911
1783
7188
2908
9022
9734
6628
1315
6701
5982
5587
3486
2548
2814
7330
8272
9284
6947
2674
5133
8546
5322
8993
4678
7194
743
3921
7375
9784
8789
8950
1887
4558
6615
6271
2171
9626
4847
6846
4547
1131
7571
5454
9781
6639
3947
9565
3637
3463
1285
4075
6874
5936
9897
6423
6892
1781
8547
9503
334
7028
3141
1593
1260
3992
2880
8196
247
5758
5133
7617
7152
9596
1190
4752
6264
9385
684
1372
7331
829
6101
5881
2029
6165
7100
4197
6730
8374
9689
9743
9644
235
2257
7750
4135
8766
6313
8856
3189
3929
2114
3865
9005
8606
4891
9960
4556
6112
8972
4189
8043
1028
7612
5239
9482
4256
3670
3632
7976
7334
7188
8544
2817
3279
1825
9919
8185
9001
2531
9713
7539
8108
5786
4615
432
5771
4536
6519
3980
7391
6674
63
7021
4240
5713
3933
5620
1515
5952
7255
5398
9798
2213
8674
786
1385
9593
2993
3876
1472
2765
4656
9087
6044
6023
9110
4813
5029
5122
2036
4738
9999
9902
6557
5816
7872
8550
7936
731
7237
1994
6784
433
2919
9593
2945
9551
5679
3065
9119
4866
2230
7609
1729
7288
7583
8415
4372
8751
5808
6340
1920
3577
6888
5806
3426
7417
914
9277
5780
5412
6065
3611
6334
4019
1850
8545
3415
3558
3412
5325
5423
1344
691
2456
2359
3084
6930
2094
5160
9596
6771
7442
6426
9548
8782
111
8449
7105
6123
1381
4763
1019
3254
2968
7122
8799
5658
3539
4453
9184
2458
7948
3878
5187
9104
231
335
9748
2010
8788
5205
2959
55
1146
3088
6526
654
5846
2080
8561
4888
2700
8808
9099
5154
436
4067
6127
9271
5670
7325
1681
423
5822
224
1474
6737
7259
1494
8777
73
2047
1692
5761
4657
6806
422
2833
7002
9767
721
9895
633
4804
3798
5541
5734
8239
9834
8622
1662
1435
4248
442
5056
1642
8013
8429
5162
6169
2606
7592
3770
1883
4116
9896
5109
7362
1854
3749
6232
9793
8596
1774
2681
2117
5934
9115
9756
4886
6115
7591
1928
8702
8571
4158
7703
2165
4542
4974
5855
6497
6243
1442
9628
3570
8564
3375
4410
8585
4128
6409
8640
4646
5819
6889
3108
1800
896
7039
5732
565
9139
5498
1027
6646
2361
3716
589
9176
9169
3341
9459
164
8536
5301
7264
1223
8462
2575
1058
1819
761
1891
5417
8516
4888
6444
3592
8481
4568
4173
3832
5708
8634
3278
8375
585
4342
6547
3844
3975
7694
3895
8275
1523
646
5961
3412
649
5873
3546
5864
5832
3753
3625
2887
8331
3442
3426
5316
5336
3196
8429
6521
1899
3780
7635
2830
3561
9857
5941
4773
6857
7365
6411
1336
9826
8740
2901
6239
2631
7173
9419
8831
98
2971
5344
9465
3724
2446
4706
486
2965
3461
3987
5158
2379
7832
7774
7095
1711
7430
643
6518
4966
7865
1693
9212
3261
7667
1515
7181
3544
239
3233
5340
637
7562
4307
2026
1443
9868
5268
7469
3343
1422
4554
9754
6599
4231
452
9376
469
7465
8193
2274
4557
1054
7250
9595
2670
8980
6164
3340
4138
467
6258
8061
4471
4943
5042
4276
4267
1803
9629
4653
6205
7170
129
391
2343
5659
760
5354
1400
9321
6682
2239
1131
2162
5468
152
4901
4651
1696
2080
6088
2971
1704
5776
169
6647
5672
6102
6387
7148
6414
8755
3401
7261
6052
1960
158
1084
3776
9783
4907
7478
2083
509
3391
8095
2845
7947
5028
3365
7448
347
3700
4142
1359
2055
3938
9617
7439
3810
840
7594
779
2731
8376
1382
5885
5623
9634
5563
9046
1707
8595
307
3937
508
6111
6966
1615
5093
7549
3278
4298
8938
9630
990
1236
4523
3956
7253
7576
2627
8511
7399
2633
7549
5823
2693
9821
2248
9527
5522
8969
3377
9978
4653
8494
4780
7863
5449
6460
1052
9958
668
6893
9000
7860
3102
8752
1692
2273
9238
6647
7361
2906
4384
6353
9980
4712
8016
9897
927
4292
5959
9197
1900
4981
3943
1542
2894
6613
1563
4478
2554
1019
3691
9041
5494
7430
7316
4994
209
4684
7144
665
9589
64
8383
4208
8868
3220
6695
2503
2013
9062
3327
3568
3103
7067
9419
4265
5926
9180
6518
5072
6869
4512
2691
4272
5824
9052
492
5011
4507
1150
9361
8897
3346
3045
6359
8397
8618
6249
174
8796
7523
3309
2392
7225
343
6387
492
7961
8237
9803
2693
2476
1193
2740
9955
8741
742
1305
3220
1588
632
72
4858
5977
8139
9384
8848
8970
9007
207
6277
1635
8311
5371
582
1939
9025
9429
1200
4183
4342
4907
1645
5306
8260
8990
1406
2940
3768
233
7516
3690
6182
6111
9349
394
4590
9141
1065
7944
110
6134
9803
2689
718
4495
9962
4082
8133
156
5498
5176
9479
8677
4941
8382
4684
2810
9192
2222
9215
1488
5864
4939
1603
9732
8636
6260
3031
2939
8028
697
7988
3344
4898
7820
7860
8158
2238
6587
1368
7014
7965
7900
8555
7831
758
2232
4070
8910
5263
8997
6027
3590
2077
8169
7573
7953
2669
1801
998
9980
5192
8985
5435
2302
6710
871
3212
623
9206
1412
9259
3948
4848
9780
8824
5478
4334
2360
3046
1186
3737
3297
5357
2646
3419
3394
5658
3024
6253
4942
8744
9950
8549
5942
5898
990
6512
4495
1738
1972
6564
4338
7153
1324
8870
1713
678
2890
1144
4499
6094
5835
1806
6567
9312
6695
808
4112
1394
1761
2936
3592
5641
2918
8333
3235
3423
6771
3735
1839
3275
2950
8210
9204
3719
841
5876
3469
9319
8775
7435
1561
7939
8184
9904
5940
4031
9992
9757
7411
320
1401
9148
4848
6648
8079
6288
9137
916
5977
5656
5343
3968
1295
8358
9112
3613
159
1706
5444
2567
622
7770
5391
9803
6536
4903
9324
4448
2208
5024
6743
3222
1867
9938
7640
5029
5714
2826
2753
3074
5367
9679
8577
9205
1551
3218
8481
7704
4473
3367
3761
3787
8130
7684
2140
3657
7224
2195
6177
785
6373
1862
1038
3344
1237
9036
4073
1668
9441
8120
4601
4647
371
9535
6569
1887
3950
9632
2542
2243
502
3312
9737
7414
4158
8016
7064
8285
2151
2848
8599
6613
426
6760
3144
9872
8809
6313
9772
7708
4732
5262
5129
8472
5564
7910
7199
2099
4911
5399
6309
6692
2879
8992
505
9484
4381
8966
9298
6385
2779
1437
8017
4280
9664
7973
2642
7217
2852
4764
2674
4145
1691
8983
293
9596
2720
6371
4896
7512
8064
2421
6964
4816
3685
8973
5450
9205
4300
1810
6584
2003
5071
3663
2858
3686
6570
179
3849
2499
5329
7167
1233
5168
956
9296
27
362
8589
1824
7623
6444
4989
7785
3665
5814
1801
6594
4233
3723
1402
2467
600
5532
9135
1584
3856
2870
7439
4356
965
1262
383
8756
6648
9205
310
6552
4052
533
7556
4972
7420
6763
5021
4312
1223
9496
2133
8112
2170
6674
4833
1996
9017
2403
3798
4087
9515
457
4071
3966
933
7355
1115
877
1875
759
1438
8788
7741
5629
3994
251
6541
7975
2496
6546
8126
1144
2794
4755
836
3954
8411
3096
2311
3821
4639
3908
7620
6953
2126
8761
2859
4413
5395
856
4782
4204
5994
3690
8219
8034
6615
3430
891
4233
7377
5722
3272
4304
4001
1776
3697
5232
8571
9019
5749
5001
4463
499
2479
6274
2093
2149
1294
213
9214
2831
9436
6326
2268
8426
4094
7004
3709
103
1980
4441
2938
3484
4895
8947
4484
7276
9290
4559
8771
1737
170
3795
6579
2654
6914
8576
2345
9755
6939
8545
328
1434
4208
2504
7416
110
7009
4006
6767
6069
9036
3717
7166
1402
7830
9141
1176
714
1351
1621
2837
8291
9220
2444
9288
8635
1667
9194
172
1001
1838
2553
2186
774
6519
6755
8448
3004
1341
6700
8983
1702
5968
5512
2306
8065
8860
8362
1898
2582
7361
4540
5090
3650
2203
1098
532
3189
2493
4648
6664
9910
6907
6666
2221
3691
2838
2208
1804
5062
6672
5677
9477
7195
2944
9739
6534
5018
9745
5871
6655
6244
8487
3678
1091
4448
7965
1322
1032
4203
2172
1924
7552
5529
7964
4395
4970
9069
5445
3440
6546
6829
9133
4904
2503
7831
4244
6719
5722
3230
7978
4939
2847
9701
7030
6385
4870
4401
4963
3287
2009
9904
7641
3324
6020
667
9466
2264
872
2524
5727
3756
7495
7042
2934
1680
6831
745
4993
8575
7491
9110
1853
7332
3101
2339
3767
6319
1143
1066
4260
4919
2172
7588
7661
5536
1801
7607
4505
7624
5367
6709
5927
1737
9768
8624
9326
6895
3590
8572
9598
3475
4787
3041
8383
1298
1013
9178
1185
3727
2997
416
4248
6385
7144
9947
2211
5899
156
6234
9822
2584
2384
34
7459
4634
8301
4009
7775
4379
5350
3578
6524
4986
2523
6266
9914
5551
627
9848
9139
9129
6116
5155
9177
4206
329
3824
2305
8730
8259
8750
9959
9892
7038
8973
7791
9174
5622
862
5300
2436
5114
6665
3068
8938
4424
114
4054
6616
2563
7315
7428
9318
9691
4262
1192
1330
7144
1234
97
1819
4708
7991
4449
6904
6776
8079
8171
2883
6469
5513
6841
5497
641
7919
4683
2791
350
428
5996
6050
588
6723
576
7585
2842
5121
9760
8108
6268
4647
8760
8603
6054
7311
7360
3745
9586
3359
2448
3701
9230
9017
9153
8349
8027
3986
4958
5237
2720
2080
9257
6428
5280
786
725
3725
8010
4538
8648
9359
8761
8028
4290
2335
63
7881
6484
9888
3699
5360
4292
7302
4458
3786
6710
8393
7241
8403
3011
3189
7881
7904
4827
6007
7034
1266
6694
8575
1831
5053
8243
2469
5
1836
6913
5427
7587
1960
6399
5067
3053
7863
1182
1692
2399
3842
4354
1023
8861
2145
3980
5779
4682
9113
4621
6550
8917
207
8177
830
4775
6078
3780
9114
3440
3453
3544
1599
1455
6449
5448
2835
9073
3451
9897
8733
4751
7746
4916
9640
9332
2007
2396
5334
9078
2585
7613
1984
9941
4090
5402
2511
2286
8109
869
6757
4559
8878
8393
5348
8825
3148
5325
1238
1378
1663
951
6742
1218
9303
1454
1917
8054
5246
2837
5565
7901
3339
8035
2664
3289
9249
3175
2323
1821
3089
5507
9077
9837
534
3345
3105
5363
4556
6244
7922
5918
4180
620
4317
173
4021
2091
2460
3895
1288
5141
698
2299
6583
4578
6856
2799
3019
2543
7109
9402
2463
174
3143
8938
5729
77
6223
3561
994
8795
4672
1816
5097
655
7871
3467
5781
6737
5017
3469
6804
7779
5894
8487
9326
245
7699
8262
310
126
996
7151
1971
5207
102
4626
5574
2069
1268
3147
618
3072
8176
390
7319
484
2128
284
4191
5677
7236
5848
8035
8779
4837
7946
2336
3752
4799
5400
1203
2042
431
5063
259
9152
7379
2930
4494
1155
7442
7875
9973
1818
7945
3162
9692
3773
8065
4776
2258
9611
809
6693
2268
2600
2758
2419
4213
9951
4067
1806
5622
8678
6391
986
5838
9794
8594
6503
4914
8787
8056
650
738
9110
6598
471
2944
8664
8907
504
1903
1493
995
8127
3102
316
2164
7259
2925
2245
3815
7077
4524
5633
1963
8253
1842
9535
485
3574
3493
2299
3893
7641
4391
1973
1844
8238
1628
9398
8577
3558
5993
5551
5907
2805
818
2426
9700
9065
5495
9217
1644
52
2931
9156
4824
5728
153
3252
6585
3175
4233
8980
1471
3879
8891
2053
5868
4719
3196
4994
5738
2849
1360
4433
6152
8142
6815
8273
9406
1804
9684
2254
5646
1205
7728
5987
3998
3786
723
4917
5829
7659
1910
6068
7598
2079
4740
6561
7687
956
7795
6432
6197
5674
1888
2735
479
7178
5772
3421
812
9101
1937
8465
5424
7126
433
2616
1007
4761
122
1110
9967
3180
9465
5198
2129
8461
6813
6682
2025
7613
3700
9414
4659
1742
2112
9185
6067
7372
4539
2431
5709
1771
6190
9746
5380
6553
8406
1220
7434
3761
6456
4525
7741
1329
7393
5647
9423
9686
2666
1028
1730
1327
9729
5318
3034
9375
5870
1773
4727
9604
799
1153
1646
1853
5311
3058
6193
9445
5347
2822
8592
7602
7628
5806
9276
9191
9080
4564
9993
511
1800
6938
1457
6125
1399
9120
7785
8724
7299
7554
1486
3398
5327
4179
6890
1486
7492
1475
2844
6682
9976
3845
5060
1874
5374
2910
5473
2364
4449
2042
9918
7280
7236
6235
4839
8608
8963
9868
1385
6393
9899
3421
3505
8387
8679
5687
8787
5638
4835
7445
5787
4035
709
9021
633
2543
5216
3401
7033
6647
113
1640
299
8406
4144
4376
4581
9128
1295
3957
8199
9847
3368
2105
4316
8119
2882
3072
838
506
6780
546
7088
6031
4822
2174
1530
821
5182
3136
6503
1955
9644
24
3882
8245
7532
6100
6052
3638
5050
844
6390
4386
4861
5609
9452
1706
1845
8586
7501
5974
6486
3735
6878
7289
9323
1269
1085
3807
1553
5690
9376
8558
9752
9745
2358
5797
6340
1600
5362
4940
9658
5129
6287
3339
5082
3488
6710
1713
82
3031
7723
1415
2857
2507
2567
2594
3788
9616
4120
8635
6982
1722
5042
5460
6097
5176
6169
7259
8597
6673
1243
3958
8513
3260
8298
3963
9167
9924
7824
9099
1222
279
5737
41
6147
2441
3825
8427
9399
5943
184
3516
1909
1060
9354
5260
4940
2524
4413
804
1490
1796
7947
9327
6803
204
4778
8928
516
2032
1231
9433
6064
8086
855
5914
5080
2352
5772
1654
6384
4958
2777
3658
9602
9514
1833
4626
3312
3683
7091
8718
438
737
5026
2666
4285
2915
2200
1959
4415
6980
3271
4496
8728
2656
5177
6449
7595
1066
6267
8901
4003
1717
9639
7119
1462
5744
2614
6858
5688
1619
7915
3269
3262
7647
5025
937
613
6999
8957
4974
4097
9679
9532
6086
5250
8968
38
2901
569
1611
5318
1862
3844
155
2227
4816
5974
8915
3052
9518
8769
2208
7133
9724
3329
9501
556
2009
6337
1159
3789
894
3443
221
5929
807
7609
2473
7290
3283
2316
5062
7674
8891
9531
3496
1071
5521
4257
3702
2596
982
1115
2408
2267
1249
1415
5190
6808
1681
9840
4628
7722
2269
3135
5037
6811
6676
5153
2840
3272
1811
7667
4517
2371
893
884
7394
1256
6569
3565
4859
9757
5319
1807
9340
3208
4385
2871
5343
3376
3225
5947
489
8490
4459
6704
3047
879
7394
2196
5099
5072
4406
5645
8754
9549
8084
1377
9739
2890
4314
2372
1806
7589
4471
2314
2824
7268
5645
2734
775
3470
7003
7097
3113
5831
7384
4589
9363
4664
3726
2207
7290
1125
8597
198
2129
253
719
1742
3632
6112
8648
9396
2815
9130
780
6111
2831
7065
7386
1129
1976
7748
7270
7883
5801
7936
4115
1355
5476
1856
642
2028
1772
7813
5297
2908
7109
8121
9856
3241
1205
7688
2486
2665
6669
819
9484
3487
346
6900
9020
6305
5977
5623
4080
3040
202
7097
7175
1328
5970
9049
5848
2889
5681
3575
9847
699
3090
1271
589
9518
7369
2271
46
9509
625
8931
5778
8235
5572
7548
3148
4003
6360
3644
4892
4423
1311
8947
1285
8272
9589
583
4022
8997
7955
34
3605
5967
6580
8184
8628
3374
8618
8153
1782
1759
3536
8484
6548
767
5040
1273
884
6948
9507
8698
3517
6059
354
2428
1914
1746
118
3304
1703
3821
6105
2938
7686
5501
6317
9521
1743
8521
6758
7357
1966
1083
9802
7888
9056
3479
1404
9630
4947
4271
3026
8870
704
8238
4295
1055
2302
3798
420
6931
2145
6877
1454
5862
2312
9469
1178
7189
3153
7102
4823
4181
698
620
8165
4906
6013
756
2786
722
5939
5185
8126
9603
6320
2791
4173
644
3839
9308
6643
8008
712
1495
7201
5774
5696
1794
8773
4047
668
1477
3698
1794
3761
2025
1046
3790
1027
8528
5826
5177
7183
5925
9614
7844
1836
3185
5652
3012
9506
9051
7597
3301
3769
5020
5059
7060
1331
1396
9326
7557
5779
8241
6611
9146
2241
824
5013
8814
8490
6344
3474
3812
3969
1813
138
739
5514
6659
2881
6669
3063
2663
3555
5614
5754
9906
8521
4711
3389
2336
9191
8945
3856
4016
6302
5925
9710
9760
9861
7803
499
6602
5424
181
4663
7350
1031
1329
4118
8015
3118
6615
8290
6415
744
5986
2790
7647
1024
4870
6459
3351
2723
3639
3783
2190
9833
5107
3245
4545
8113
2109
5811
202
7411
6071
6164
6645
7726
6378
1132
1533
3695
1191
8853
1189
9892
9813
8683
1382
1562
2788
3890
722
826
6963
2663
9206
4868
2475
9701
4615
5519
504
3199
8784
2464
9658
1055
1016
8313
6221
3397
777
604
6623
8343
9958
2097
6699
7905
3068
5887
1703
1223
7832
6363
6034
4929
7637
9658
4554
3218
7689
2109
3996
7534
1057
5732
5185
2052
6055
1615
3747
3222
7182
6628
4599
2009
3990
4457
3974
5273
4012
1222
2876
6489
3722
5235
4458
1573
8940
7254
3569
8841
8970
8404
4650
6550
445
9387
9934
3581
2489
4536
6559
2183
9225
2423
6503
3559
8774
2265
7032
29
3174
10
343
1898
9532
7672
9323
479
8125
4616
7167
8198
3913
6236
5591
4059
7343
5073
2443
2384
8999
1196
3884
6967
2762
9852
1075
5513
8500
5981
8437
2189
6752
7411
1718
4527
6856
3929
3541
5375
8242
9217
5569
7612
4522
1910
6977
4944
4759
8132
4184
3793
3050
100
5936
8818
5320
1157
1108
375
8291
3745
1600
1279
3169
3337
9341
4074
888
8017
4219
627
5312
9062
4455
3059
9384
3705
5662
1363
792
217
6965
3808
7229
1987
4419
8553
3139
8956
4451
7777
7474
1457
5776
4762
2257
6724
964
9215
3656
6929
5639
5991
2630
8097
1041
6976
1231
9181
8770
202
4217
3814
9562
3936
3599
7986
8119
541
17
742
5073
5966
1960
1197
2372
4651
5009
8563
8575
1541
5170
7915
8772
3271
2648
7446
9340
807
777
9499
2968
2794
2236
4852
7583
2728
8510
6169
7687
6765
6665
838
3067
4449
9524
1740
7777
8925
3304
5526
2079
1827
8086
847
8430
1365
1400
3203
5414
9895
1624
4775
140
938
3467
6283
4700
9056
5819
8055
6110
8337
2829
9680
7138
3561
7352
9589
8708
6262
3566
600
8789
5306
6681
7732
8711
8317
6449
1308
926
5000
8889
6885
1595
4061
3425
6261
9912
7249
4655
2908
382
8192
7278
6267
4848
4915
9485
4172
5418
1872
1830
8361
6869
3178
7285
7418
2174
4878
36
8035
1678
7634
8589
639
8544
4144
7984
3393
9862
5488
6717
64
6672
7164
5912
1943
7168
8925
9148
9118
4437
7593
8081
2299
4333
60
8768
1870
4840
9875
1306
6242
4230
2724
913
1722
9917
2940
4327
8298
8615
1967
8433
3948
2427
7681
3395
8018
2157
9005
3944
797
3534
8502
4365
1788
1648
6074
9921
5359
9688
305
9441
7583
2731
595
6398
1269
3908
6333
9560
5997
2745
6199
3477
8009
3075
5269
268
1062
1278
5263
2195
4596
9440
960
4039
4298
2401
2206
734
6269
5806
8510
1128
2318
3265
645
5940
6286
6499
2760
8357
5913
8230
8247
8073
4140
4031
2724
9838
8832
9880
9066
1986
4971
7781
2664
6369
7337
4371
7691
2022
8382
7531
9823
8549
2543
5163
2063
1705
4541
3622
4118
8089
4942
6476
5960
4138
1495
4667
3233
8158
6264
4744
9527
4940
5091
9615
5803
5268
3813
1703
9189
68
5356
3414
740
8938
1346
2064
917
1562
90
8263
3675
3431
4243
4
5984
4433
5108
6667
68
9713
2567
3938
6104
8451
2258
6838
8338
3873
9666
7778
1285
1126
4489
1536
1021
6434
8416
8316
5637
9357
1574
4278
9393
9781
8000
9057
6193
2104
5093
5800
3200
3635
5774
8438
3640
1217
6953
1075
5219
2807
5197
5194
5619
8761
8145
6811
2320
3507
2256
3473
2527
8901
8650
2148
6795
549
4505
8265
7523
4202
7333
4873
9824
7857
7210
2332
8821
7331
7315
1051
2387
117
1803
6800
9955
1160
9621
4650
120
5024
5017
4158
5479
2207
4893
3894
8038
2703
4318
2573
9476
1527
9605
5312
3739
9117
6291
9345
585
2074
8472
9175
2756
4820
4109
9939
2182
3005
9413
4423
7759
886
4039
2452
8755
8932
7434
3636
8486
6269
617
4398
2597
6768
1703
4577
5157
571
3931
3835
2637
9634
2752
447
4005
7882
2789
1576
4155
6641
9803
368
881
7945
5852
8453
9609
1844
7784
9619
1972
8521
6989
4389
121
147
5161
8100
7088
7568
6710
3182
4152
665
8671
7354
4126
5206
9862
412
8315
6839
1437
1703
6216
5554
7452
2366
2944
1365
7655
3770
1800
632
2358
5664
1921
9585
156
9472
962
136
9900
8760
157
8097
3458
536
2225
3737
1461
4617
7767
3193
691
6247
8948
4354
2142
9726
7278
3257
3274
8426
1183
4052
8382
7724
1730
1020
2879
760
3507
4835
4960
744
7834
6277
1115
9725
28
7522
9836
9908
2918
6234
6160
8158
1810
1489
5755
5422
2572
9396
4141
5748
9938
635
7764
1565
220
313
7355
9886
2640
8671
1419
595
4509
4388
8995
2800
979
3376
555
3913
6401
4801
1351
8563
9276
1289
954
4456
6961
7817
1521
5742
1083
7082
673
6863
6737
4428
8082
5828
6950
194
4991
3581
7699
3487
3339
3938
5636
7799
7391
8073
8506
9660
62
9144
1680
235
1985
9573
7241
9095
4018
5812
5748
4206
8411
3358
53
8385
7924
5115
9592
4173
6655
7127
3794
876
1985
2986
3671
5678
6383
3276
4505
5790
9015
9857
8791
1938
658
9465
9527
8925
2381
3846
8539
2247
216
2797
6515
8542
1484
1476
9919
2710
6955
2285
6634
6750
8004
9095
959
9976
2954
9094
2339
2440
4417
6635
7598
5297
8210
9833
8408
5529
4070
3578
5625
8641
1174
9564
8434
4082
8343
4916
5852
8370
4904
8738
9524
8553
8341
7836
991
7606
1175
189
1051
4246
6184
5256
4940
5295
4954
6376
5862
377
8540
9558
227
3413
2978
7125
3145
2110
4654
8895
3049
169
1508
8550
9743
1651
5231
7246
826
3752
7019
2499
7461
6168
8905
6775
2769
6762
573
47
8487
4553
477
2858
5879
8631
9126
1734
405
3767
3341
8104
4657
6596
1857
6410
5632
842
1209
1104
9686
6301
6304
6920
4055
2758
7731
6050
697
1848
633
3475
1517
4104
3262
7416
5783
9689
2871
1244
7737
8024
1909
2191
5245
2232
4205
2954
4520
8148
4559
404
5531
7095
7785
9726
4948
7315
7787
9761
9897
1053
7273
4818
7610
1426
1883
687
4456
9001
6315
547
3797
413
2076
9584
1905
2006
310
6490
5
9249
6067
2609
3162
6485
8594
9986
9770
8825
6993
3005
246
5453
4102
609
7916
725
5505
4490
9939
8101
1629
3001
3982
591
550
930
663
6710
4250
9294
4453
9046
2510
7787
7731
3757
9792
1417
1069
8395
6336
7998
9669
3144
26
3743
1270
9425
5288
9365
5484
3530
5756
5576
634
5910
3323
4713
133
6285
8057
8298
3232
8562
6313
2044
1039
3907
9238
524
7612
1980
3071
9114
8604
5151
3517
4304
3719
7092
5253
997
8982
8296
1662
5483
756
1487
1713
7763
3896
108
4353
7994
7525
3064
7144
6859
2020
3016
6267
3861
4532
7065
9941
1188
5538
7429
8491
3191
1816
1003
6639
1348
1102
1311
4442
7454
2987
8251
743
4245
7602
6417
2753
9337
6928
3545
6401
6594
7867
8383
2700
9914
9122
2742
5825
367
2978
1955
2124
7970
3675
1494
9358
4073
9192
1033
2933
3779
3367
1402
9424
2331
1998
5625
1193
8217
5967
3523
8828
9773
9607
5586
2431
8395
8480
6366
8667
7462
3806
9406
8835
1848
2173
8045
9808
3159
6899
2282
3885
4092
9616
4793
2961
2113
394
7424
7991
4508
4462
1457
2069
2189
3338
6892
6590
1797
6828
8212
8555
7078
7023
9333
2850
1543
4326
1895
3269
1372
7445
6917
1172
7697
7359
1266
3580
7512
223
500
5184
8819
3609
4149
7585
86
6351
4260
9274
4539
6517
6087
5365
9915
4631
1692
3162
1593
6504
3084
2637
2611
8080
8815
5319
92
1706
9416
2405
6837
3740
1979
5162
939
1089
3032
2169
8517
7167
3155
4155
351
9245
8080
3264
741
1282
2169
8886
3023
5745
6145
1016
4687
5214
8255
6229
3167
787
2732
5108
3456
2914
6944
5706
2873
5109
9317
9381
3576
3819
4910
2457
516
140
9941
9844
9272
1393
6100
1053
7481
4288
9897
3815
5060
8642
1580
8665
3623
2227
6980
635
9756
6354
8988
4252
7305
1784
8559
3088
6351
5681
876
7453
4849
5777
8082
8869
4907
9455
9919
2278
110
4380
7022
9833
9057
5287
7311
7400
4110
2678
942
6935
9065
2559
696
7762
3788
6188
1333
5377
7360
6923
402
582
1350
5569
1601
4120
7068
1810
4242
6557
3969
8325
5980
5788
1912
3763
8336
1062
7765
6717
7247
4136
1865
5865
5184
1284
3538
3587
4128
6170
2864
9678
6082
3873
9385
298
7281
3067
5288
2801
450
8403
2201
2182
8818
8068
7384
8884
1557
8004
3393
1768
5343
7956
6667
993
9906
8550
6186
4714
5771
78
920
3299
4811
4509
9942
2707
2910
8868
9703
64
6334
7002
2215
741
2129
2832
6130
9953
2471
1816
2004
5383
5446
907
4234
1515
8852
985
274
3776
1157
3972
1941
3926
816
5789
5234
6332
390
343
8227
5798
9706
8087
7892
1899
7246
5647
5899
595
6272
748
745
6040
7417
8353
2783
2139
101
6079
8095
5296
4858
3442
5863
4033
4458
5146
1455
5727
6784
9246
229
3419
1518
5093
6652
6669
6875
1265
3920
8137
3976
4733
5767
7800
5259
239
7313
4306
6288
3157
572
786
5606
6253
9362
4495
540
8383
6415
1648
7846
1377
8940
5185
650
1462
6549
2664
2176
1879
9175
4303
3445
2715
8070
8921
145
6978
4397
3155
5754
1531
6829
8732
3001
4916
9252
2528
5757
7665
7974
8751
9385
4540
8455
6148
9358
926
1537
3973
447
9274
8565
2992
7477
8946
87
9662
4605
9546
7563
4818
4286
196
5144
696
9975
8792
724
6950
7841
7026
7088
7219
1892
5401
8238
6771
3397
5389
5195
1878
2784
6557
2802
8007
4586
4786
3556
4592
1760
2103
8997
433
6460
3014
7518
3286
6615
406
8364
8569
5225
4506
3393
6544
7599
3602
447
84
4895
9942
9610
1560
3735
1583
6972
128
9016
4242
8429
3206
8177
6111
1223
3231
600
9364
4743
3499
3396
9082
976
654
7598
8895
8145
1500
7700
3360
9882
5136
2928
297
9559
2384
6201
5510
8209
1955
8114
9859
4316
4870
6820
9071
3320
8548
8586
6521
4593
1419
3035
6929
6433
9766
9803
8408
104
2391
8483
3074
908
5706
7978
5123
7601
2031
8659
6741
1681
3885
9099
4825
6658
5065
8227
8589
5969
591
4119
2377
6170
5817
8263
4728
4004
3426
1110
2111
409
3249
2110
5910
195
1225
7348
3868
5180
9268
8735
598
3521
8980
141
7721
2450
1005
5719
7366
2748
1899
5335
625
5069
9023
766
7177
1122
8565
6668
5076
3767
2108
4915
5714
399
7761
2477
9699
3361
5442
3001
8428
4635
8253
1144
5638
1958
2349
3777
5615
5131
5157
6156
4189
1876
4806
4723
1232
8358
6485
1123
2250
5305
4968
6395
3891
648
4814
1427
1407
6199
1214
9112
4645
753
6858
5131
4683
3552
8245
1246
7531
7518
9309
1036
3298
6302
5126
2813
2004
2420
436
7691
4375
9398
6851
9269
8792
9348
913
3490
1442
8981
6862
6649
2887
2823
5938
6640
2210
2562
68
4016
8435
8783
4863
3716
6605
7738
7638
5075
3344
5836
9737
2628
966
5233
5742
9149
6504
9012
33
1157
9433
6990
1011
7700
2849
7750
6153
6332
2334
2400
3366
5543
2880
729
9352
2611
3980
9835
883
1340
3555
867
2858
99
2644
544
2655
6796
935
1786
1506
4496
8296
7733
5674
4446
1985
1125
7771
6485
8238
1761
7346
4877
9946
2424
8472
9466
1081
6390
6202
6811
4091
8887
2367
1921
3327
3763
6951
8628
183
9500
1253
7525
475
3704
4492
5245
9269
8095
1002
6699
4365
738
3313
8550
8114
2368
5046
9925
9338
5796
3508
8847
3234
1364
8030
9315
4118
7593
384
4706
3254
3171
4324
1016
6763
8494
1625
4465
8133
4910
7220
6975
3856
1494
1087
3589
2333
7336
6031
1465
1681
9556
2
2051
30
101
459
4221
1676
6704
1879
4173
1940
6944
6732
4184
9050
4253
7800
5211
3690
4068
3842
4809
5191
3846
2418
9103
66
6248
7294
7226
7081
7773
9214
6587
608
9010
2226
731
5809
3108
5247
4528
7034
1396
3477
9825
6184
4142
2105
6107
2246
5551
4373
3646
3720
3869
8875
3290
4511
3215
2872
1790
7605
2862
3557
3709
2530
9681
8148
9123
6790
3643
4000
1751
484
3822
4747
1010
9625
1648
9778
2798
2264
1116
5127
458
6452
2845
3922
3361
4439
7840
74
9781
1087
623
7738
6830
3009
2424
9536
3108
4494
5514
4924
5881
4020
820
8527
8345
7914
4850
302
6250
1484
2494
6957
200
1526
9711
2273
9205
6009
1866
3404
2908
7789
1980
4354
99
831
7528
9137
2406
6258
7969
4024
2820
7893
8796
2974
4129
7446
1646
8570
5623
9949
9808
701
7514
1978
2172
7635
2070
8407
9904
9242
4682
9313
3359
6532
6004
8139
390
9058
4949
6928
3696
614
1514
4910
8133
7248
7082
5966
4213
8135
8288
5557
5084
7665
6341
3417
7047
2927
7147
7109
4297
1762
3059
789
5694
9801
6503
532
7237
2771
9756
5068
9824
5022
1948
1244
6634
3444
7473
8565
530
3935
2404
2895
5582
7611
1059
7358
1215
9081
3438
3036
9040
9240
1032
1660
708
4603
5458
5903
3025
3627
1020
938
2478
969
6139
1003
8820
8752
2549
8619
1072
4535
5751
9002
3512
7032
7165
9114
2393
2304
9005
9560
6651
6397
7624
5464
6144
9309
9023
8921
4327
4087
2057
9415
7073
9025
9037
3373
3134
1534
1081
9392
3565
8319
5632
7411
521
8402
9397
2162
7774
85
500
241
4060
1823
2882
1407
3585
122
8571
4058
7999
7682
6266
6670
8605
3453
9257
6493
9859
5518
5434
605
3454
3124
7696
9797
153
7838
294
3604
4298
6752
7529
2904
3813
1747
2000
3430
9009
5149
8902
1095
3212
5463
1979
9153
9724
1093
9335
9523
6602
3596
3353
9957
6910
7298
7133
2847
3101
4709
6795
4302
519
9217
8049
6750
8888
7984
7087
4082
4441
8674
2206
9761
5144
9020
5417
1375
3938
3819
126
1390
5629
7320
8835
5567
1238
9721
1414
6091
4446
7351
8545
3132
815
2461
2142
3996
8670
3679
4033
12
7192
263
5609
4919
9910
9638
8774
8872
3179
9583
1723
4186
3295
7115
3974
5131
7912
7218
9541
649
9459
4109
4361
5703
401
822
9044
3899
9423
6082
3871
7840
8915
6970
8954
4723
7748
3700
3653
5143
4573
4559
9159
1940
9423
6686
4547
6434
209
2388
469
7660
8841
7000
7466
7783
4650
8893
5959
5834
4350
7312
2073
5518
4601
7108
2035
8979
8972
2291
9653
8546
6212
2365
5125
3062
950
6637
6425
5634
4773
2553
5180
5773
4019
1124
3208
63
4727
2373
7089
3148
4459
1436
2033
9403
307
5018
7081
904
2442
7648
8020
1606
126
1769
3772
8722
1269
9465
9698
7944
8978
3516
3149
5751
5476
1074
3596
7890
3982
6185
993
2951
1771
142
564
7409
6526
8267
6118
1956
8884
1358
7449
6561
6666
5746
2124
5166
3310
3063
5955
1517
8919
3047
4750
5267
469
6626
1334
7540
5747
6350
3406
4578
4857
8167
3943
5478
8279
3901
5728
8675
7472
674
7650
1067
8430
2856
6652
5923
8001
2920
8201
8990
7558
6448
4535
4317
391
6103
9322
3391
3442
3086
2964
9154
9822
8128
8771
135
5031
3293
1701
4062
6436
2878
8120
2510
1629
6979
9346
2234
1041
5982
9551
7617
1912
2359
68
7632
9332
8648
9207
1496
7096
5327
6696
5325
3818
9486
6593
1300
1681
9234
7397
3537
1183
8667
9901
8583
3292
3176
6936
7352
6823
240
2431
3746
3503
48
4488
226
2817
4455
4925
4380
256
4648
9216
5364
1359
1858
5622
2587
8082
8934
5266
9651
2117
2932
4471
9804
6586
480
857
2449
3960
1559
9676
5329
3570
1567
1141
489
4332
5583
8775
1175
7451
3596
825
3647
9265
5065
2445
355
1037
9436
1028
3059
4700
7025
5661
1997
5257
53
5490
7092
1002
4963
1869
9029
5431
8350
3605
3521
9469
1652
4231
580
7270
8018
5301
6077
3484
8317
4058
5567
9331
9851
930
5295
7547
7057
9780
610
1984
4778
8229
904
6164
3610
8818
893
1940
7358
9582
7193
8852
3523
1880
7859
8447
5760
761
8008
9310
3797
7089
7933
4064
2938
6393
8201
7019
2835
9449
644
6089
4196
8131
4410
9305
2266
2570
4673
980
74
7194
3108
454
1689
2896
8224
5710
5715
8448
5375
3214
6016
2944
5842
4683
9334
9110
2149
5316
9811
327
9906
323
6155
5901
740
5322
9479
9923
5277
554
6658
4131
9658
673
4289
4921
5114
7702
9675
1612
3383
7659
3117
9902
8664
2737
8414
8473
4888
6355
1601
617
8598
1222
727
1001
6211
9535
7059
2186
1169
1080
1599
7478
8399
1482
4290
5529
2947
8822
6624
3315
1659
5818
8868
1205
1533
4278
5106
6441
221
954
6844
7680
1130
9886
177
536
7750
1311
1373
3028
5083
8016
1001
3726
4246
2358
2471
8121
4923
1162
4916
3591
6655
591
3379
4901
4223
7434
943
8095
3484
2219
8209
4691
3087
5791
1327
4775
4663
7952
9074
1542
3160
8230
9584
9976
1873
3566
4476
4213
7605
7624
3875
8988
4353
121
2298
4085
2271
6326
9540
4159
1394
2235
632
618
248
8916
6637
1233
6367
3900
4138
838
9905
2390
941
4405
2614
7947
864
3042
2737
1296
4511
6367
7214
2909
2637
655
2118
5043
4558
1421
5326
6601
2788
126
4332
8866
4646
6986
1523
3931
6126
1441
7282
5636
1864
4226
9688
4971
1110
2944
3348
9742
7093
7878
7810
5445
3404
4457
3671
7469
6528
3650
7539
1595
3117
2493
7929
5631
2101
5752
4711
9837
4489
4213
9199
1094
2440
6593
1146
6001
8537
2500
3236
5439
8000
9550
7811
6651
6501
4393
8395
6268
8806
9849
5064
771
6392
9328
5928
4855
5597
5829
7486
2558
9534
5552
5191
1087
9762
553
8173
2590
2679
8125
3721
2775
7800
7189
3803
9166
4794
9031
2377
9745
2362
2489
4040
9129
9494
1170
1339
249
8318
7612
5296
281
8147
1055
8280
5849
2172
4409
8637
5269
8072
6572
7766
7461
6351
314
2808
3419
9870
2646
6627
4486
744
5358
9599
5989
6528
8254
5330
4958
2169
8030
5572
119
2834
5577
7908
8353
2986
1333
6916
8736
4476
8790
5674
3748
347
6497
6848
8540
3202
2917
3787
3701
2836
5639
9279
9211
2249
6330
295
3979
9261
2446
7479
722
467
2473
3492
1842
7239
1668
6108
9627
5241
3036
4682
5203
5150
7804
1855
3219
2442
6676
9410
4104
2952
5296
1986
8160
1787
4894
2831
789
9329
7645
5208
7834
2001
5001
4463
750
3117
2916
6527
2367
680
3808
985
5403
247
987
9836
1651
1701
3083
4675
8796
6511
6261
4557
9463
1776
9276
1
1655
4252
5066
7576
7779
7678
3222
2907
3050
4570
7045
1986
9390
8486
6190
58
5341
5382
8053
5046
9741
7577
5902
7486
6114
5323
9142
9241
8253
278
1936
9122
3767
9028
8806
8702
930
5644
9935
4578
2224
5268
2710
1474
2981
2349
8039
2710
9354
5608
435
5406
5049
8170
1772
9376
7779
8075
6366
6368
8471
1902
7582
1762
4485
4702
6415
831
4642
7922
4020
99
7120
2351
7823
7862
2044
2879
5231
3919
2678
7414
7138
3593
2257
9616
4624
4485
379
5814
1525
1584
4705
5323
4135
3388
7721
267
5177
7232
1953
763
9947
2921
516
6275
2110
3216
5325
4720
4265
6686
9636
9525
5553
3014
7995
7707
9333
5931
4173
9415
4430
6460
3855
7108
1336
7906
8072
4125
9472
4208
3083
1575
4394
901
6056
4739
2682
1261
2106
1972
5649
1687
6913
3573
1665
5183
4001
6371
2425
7164
717
9577
7210
5610
7873
3680
9830
8572
960
21
4922
345
2254
7653
8511
9068
3302
8197
8878
1879
3291
6603
8793
5342
9440
7417
387
9580
7700
5021
77
7549
5777
1327
7708
5281
9781
3383
4546
9085
9350
7157
4146
2586
4038
6988
4623
8281
9338
187
5376
6502
5461
4834
746
479
2529
9426
5429
9838
1959
5532
7335
4488
2712
726
269
8313
9292
8731
7715
4267
7294
6796
9939
4756
7835
1467
6171
7981
5639
333
5388
8664
3654
3891
9887
141
4431
1988
1522
6383
9468
8201
4290
6447
3936
2968
9990
4779
8584
7041
3480
9624
8882
7423
8388
2421
4579
8910
4907
1468
1721
3177
162
6316
1888
2950
8349
4875
1037
2943
746
9636
9320
1249
7037
1815
9879
4607
8842
9760
5363
1289
1160
8405
9862
7611
8633
6777
1968
1257
9315
9046
6888
9896
6473
8773
6750
9517
1493
9472
3277
8125
3722
1939
2018
1512
8670
3175
6265
9610
564
7309
694
3349
4326
1045
2654
6460
4368
8968
1645
706
8093
4171
4136
6273
8599
5843
4595
1274
1057
9275
8848
7490
6741
8766
3494
8414
6121
1585
3839
115
7098
7162
6192
4412
954
8500
2491
4359
597
7646
4170
5263
5561
5299
890
7471
1362
4266
5706
5582
3622
7673
7610
1532
3356
4460
8033
7977
8187
5376
861
3427
6601
3055
6098
5356
478
864
9931
6766
9465
9441
3158
4977
9328
8767
7353
9359
351
2660
1894
9530
1080
9125
7250
4893
3694
5894
4429
1516
2923
3277
1907
8795
8909
982
7414
3768
1064
1902
9684
829
2530
5396
5837
1421
9285
9377
2801
3832
285
642
7925
7400
9041
6915
9338
3882
688
4283
3286
3470
9191
3865
7212
6896
9033
6151
865
7862
6443
3554
7
2959
5196
2585
8807
7214
8234
4040
1219
7089
4
1752
6062
1868
453
7222
6849
736
6134
4355
5622
6723
7791
9541
6821
9997
1039
4798
6004
5969
3545
4189
9561
6971
2796
5689
6232
6369
6088
2281
1197
1746
2167
6496
754
4687
1361
8549
7457
8646
4669
4409
7440
5113
5273
5290
6916
7758
4653
432
3707
7135
657
802
1618
1924
4811
7374
4589
8829
2963
363
4338
8410
2333
5846
4592
8628
1984
4086
4491
5184
4870
4092
3629
364
3768
4497
6014
2226
9029
1426
6171
6
9027
3033
1683
8095
2786
9521
5950
6842
6445
9345
6821
6490
8364
939
1002
402
5222
7994
4511
1351
3355
4753
7993
5120
5512
4256
2028
7104
3349
6096
9470
3046
3007
2769
2276
8984
7820
9018
5853
2752
2669
370
7894
3936
6953
750
8686
5826
7851
9918
7396
3116
6322
9275
1645
670
8709
7429
6542
2003
3691
1984
2958
1123
631
6038
1048
3542
42
6085
2352
6465
7953
9305
2055
296
450
5840
3583
7579
8157
4565
7779
5772
8486
8640
7576
1404
6606
7856
9848
7345
629
425
6780
2285
37
3895
2574
2494
9435
609
2222
8192
3643
5942
1788
7010
1173
7464
8683
4613
4969
6133
345
2799
5253
8969
3005
5230
297
453
943
8513
2801
9217
6161
612
1348
2084
809
2861
652
8825
8475
7501
2913
2188
7495
6911
5371
9749
4487
7464
3959
9564
4275
2280
5117
7279
2886
7375
6826
7293
2824
1767
4222
1624
8239
7617
507
7176
8264
4027
2627
9016
4101
3480
5542
4139
9211
4034
3561
2132
8060
1297
5900
1509
7996
3406
9286
5014
7455
8513
6124
1664
9254
1122
2494
5265
5556
6048
7851
3962
301
8402
1497
2892
3134
435
6968
2598
4736
5669
5152
1930
816
1753
1215
5767
2685
1107
3434
3060
4465
2446
6994
6742
8320
7107
685
2992
5265
6230
893
8872
7835
3824
2533
4970
5884
1330
295
9621
1124
4453
6728
9987
8491
9402
817
7287
4325
5842
3467
8315
5060
8155
6130
9801
7986
7322
2976
718
7413
4270
4470
7103
4319
9186
6738
6926
2032
5675
3966
950
8303
5129
7748
7385
5971
921
3902
8421
6631
4686
3905
8240
1122
7671
3967
3725
6146
1291
1923
1312
5688
5052
8269
1517
8076
3139
8426
8760
831
1433
2446
2654
1620
998
6495
3221
5424
6340
9593
6693
6376
3428
2530
6513
4441
9733
2583
8095
5329
3598
5385
3571
6340
5390
5060
8374
9281
3347
1564
5827
8450
1168
4969
7557
2832
2776
7045
3497
397
2741
4523
2798
96
156
9375
453
9794
1078
5582
9098
1381
5683
7426
1937
8207
2836
5523
7728
9622
4268
873
5422
9978
4546
143
3536
8153
9807
4064
8927
4216
1158
3234
1475
1931
510
2281
2499
4313
9999
5126
7471
6007
8422
5699
2637
5011
3948
2457
1870
2386
1168
8955
1297
6208
9056
8374
1431
1100
5433
2576
9725
4064
4835
8493
3769
1562
3261
9969
4767
3099
416
694
2062
3324
5051
8771
211
6041
4864
4828
6811
1975
3075
5516
63
9901
4232
2221
7145
6337
456
3164
4813
4743
1246
4272
9030
5389
6345
3261
6514
3441
3779
672
5313
3938
307
1411
8274
4370
5225
5288
7910
9438
3036
1141
3443
3788
3246
5800
481
7435
6037
5158
2837
9464
262
7768
345
5401
3000
7576
3859
9345
6177
2453
5892
8474
1017
1203
4279
684
6651
3783
9774
4021
1119
8305
436
1521
485
7095
4863
3149
6968
7994
4105
2999
1945
580
9588
4336
5337
5836
2857
5607
2870
4024
2969
5542
4707
2911
3972
4808
4091
6620
3807
3950
2269
3718
7757
3880
5098
8750
9815
8442
7154
5724
4525
9724
6114
3682
3667
9490
6626
9854
7393
6973
2081
2984
3961
3018
30
5938
1378
481
9394
8962
7790
7283
8983
7903
4207
7894
6376
9894
6398
4031
1364
2325
7141
1809
3750
9366
9868
6062
512
9761
6863
7550
2467
1234
9944
7559
8789
6233
924
3441
3216
5426
1835
5166
8303
7600
4083
1291
2070
2691
2873
4955
3099
3412
8295
6546
5284
7453
4158
3299
3565
5146
7741
6019
4002
4517
9328
5772
8798
2551
8916
5269
9057
7088
7499
1356
3453
7037
47
3591
5830
6829
1703
379
9203
8100
482
144
4257
9105
6490
9993
344
6360
9286
4969
2177
6356
7427
5865
4007
281
8478
5041
6254
7017
4807
9526
7227
5768
9786
2620
2866
3823
9954
881
2331
9145
2310
7346
4195
6468
4532
3824
4301
1488
2495
513
9780
1910
5110
7577
4451
5378
241
6853
2370
7409
3565
8840
8255
6174
7796
6700
1376
1146
5052
1414
6260
2943
9144
3774
8126
901
2992
4373
5962
7025
7641
2172
8010
3503
5387
7773
415
4270
4670
1354
9698
849
1575
9812
9678
410
9553
8234
8145
3516
6772
2211
7987
2810
7038
1587
7886
7393
7255
7214
6771
2247
5163
1245
460
3897
9760
456
5589
6409
9692
9550
6055
6029
8729
5191
4154
8464
7659
4985
6174
236
1335
3677
9654
1672
3705
116
383
582
511
8867
2371
4399
4035
7904
4914
3064
3853
6752
6021
1723
51
5979
68
2710
938
3998
5402
3469
3975
5444
2399
2158
5666
7827
1079
1802
721
5918
3646
8692
718
4537
3541
7585
9153
8560
5370
6818
6688
1951
4739
7699
8511
3622
6097
965
3668
6850
7044
1403
3775
9697
1317
5627
5425
5251
9457
6666
3889
191
2668
2909
5599
646
1123
788
1755
5201
348
9932
9890
3476
7610
4410
9707
5094
3441
1117
4337
9133
1316
3185
7036
8605
5701
1775
6840
3162
299
2353
8451
3985
9698
6185
1331
3671
2727
3929
191
8719
6792
3972
4182
2227
1937
6461
4096
5020
9810
9196
3672
1701
71
2615
8904
1989
4931
9910
2312
5904
6604
8287
2272
8344
4587
992
1018
7544
7653
3272
8380
9747
6299
9332
2459
8325
7577
156
1184
6407
4550
6440
6363
3970
643
240
4740
1887
5562
7555
6551
2667
1963
3196
9223
8677
8928
554
9017
5437
6472
3930
614
1736
759
8588
7965
9368
5947
2352
316
2821
8822
2997
9525
329
2255
2189
994
4566
3142
4544
1733
5741
4784
4924
6755
3566
4427
2089
7289
1588
3160
1258
7871
5987
9873
6246
682
842
1081
4445
8417
5130
9412
4958
7316
4704
9442
4166
3846
4469
7608
7364
2150
2023
8092
5913
5705
5834
1888
5613
3843
3915
1595
3475
8480
6898
3109
3730
8917
7305
7849
9309
8469
2989
3524
4275
1869
6770
9104
6770
5447
2596
7440
8827
3990
3592
7887
4067
3888
205
8580
5611
7684
6890
9157
2986
4867
1375
1558
6969
4663
2553
2899
9166
5147
858
4654
5426
2734
9333
3414
4204
104
8982
9339
9929
9234
701
2467
5657
965
3961
6588
6796
6120
6534
3144
2106
6548
5877
2829
4441
5063
6724
1946
5542
6405
7589
726
9312
8623
7489
1761
2122
5848
5954
86
5952
4508
5950
1081
8693
4269
6849
6766
5467
1815
2783
7125
8870
7958
3825
1924
5777
6207
8106
8171
1706
2779
6123
6662
2822
52
4158
4997
9433
8157
6469
6358
140
6281
8289
3445
4377
7039
6263
3227
4140
6578
5829
5271
9432
5754
2958
2812
6258
590
9630
4563
9889
6842
9405
9065
3605
3651
1433
4364
2963
6165
9121
300
8162
7925
447
8237
5084
1091
1074
8782
3106
836
6313
296
2286
5618
8164
7212
9128
5221
7200
3599
1445
2570
8808
3385
5240
3520
6511
1906
8526
3246
2409
3704
4037
2910
8768
3227
9649
5527
9592
3634
1044
4909
9059
1557
8622
5055
8475
9844
9317
9777
7756
307
8792
9619
5371
7293
7178
4361
2970
2305
5138
6238
1612
6029
7621
9088
351
30
5
142
6446
7962
4448
5662
1568
1431
9167
1137
1499
5436
9126
4968
6356
3844
9027
9410
9575
3444
2909
5141
8228
1499
4830
7474
9830
7884
510
5370
4929
2475
9861
3320
8802
3912
2431
6907
4976
4302
2135
8214
4667
6521
1009
8900
5003
4375
6398
7457
333
6489
9958
7500
4462
1000
7132
4614
1003
1099
9805
8631
9075
8461
4499
4629
4595
1581
6220
3639
7080
4849
1053
5622
8203
5979
7523
5489
5047
7260
2248
3786
6794
5757
654
9185
8637
9787
6081
7772
6994
96
9434
862
1613
1258
371
7003
6327
8436
5805
2312
8166
9053
3239
3043
227
8400
9342
9083
5569
7184
8795
3780
2229
8064
874
4755
712
7144
7491
239
2211
3754
7496
9754
5164
5588
2727
892
276
4831
9183
685
1669
7332
4839
2576
4113
5630
1688
5602
2068
5431
8181
6666
405
5928
8698
4650
6370
6022
1028
7238
4025
8426
3918
2544
3976
4493
5557
4496
2618
8248
8156
4109
5608
7795
5653
9762
7033
1097
4725
9838
6198
8798
9305
8375
271
7778
824
8417
5640
273
892
4068
943
5272
8473
6073
8830
9056
8235
2920
8224
5730
6132
4234
8187
4805
6329
58
7585
5886
5112
7819
8662
4497
4645
1815
3200
1359
6960
5102
4804
1744
3689
1448
6590
9299
5744
6857
950
3927
3440
5057
9280
4325
5086
5751
3600
5350
5890
8963
2109
6940
2363
5793
7486
5036
5864
5794
8679
185
845
7470
7928
8093
4562
393
9976
8205
4928
1764
9645
3178
1956
5601
2648
8608
3709
1148
5185
4129
6718
7278
1365
9117
6911
1298
6518
7877
8200
990
6972
810
4199
4077
3258
9073
5827
4126
3309
8370
1901
1461
7370
318
7675
3630
2268
8217
5851
2460
8235
2351
4326
2434
5899
6746
5700
8893
5679
9868
8546
4698
4764
270
8694
7472
6829
9099
8024
1911
165
7962
2379
5063
3311
2304
2419
2350
1628
5369
8121
7916
3764
8347
3598
7057
3034
1446
8684
7550
5740
4737
9498
2518
969
4479
7513
8161
2444
9662
854
894
2175
5201
1496
7106
3118
6031
6939
9799
655
7839
3663
1773
7058
7516
5371
408
8782
331
1793
6090
8639
7267
1599
4567
2114
2703
3329
6087
1434
4208
8742
526
1049
7283
149
4279
5376
7704
1596
5766
1089
8400
5998
8757
6074
6595
689
8478
6039
2290
9481
3056
3944
6214
2041
462
4010
361
2129
7474
9746
3345
3432
6312
2297
192
4856
5256
6425
979
1706
5206
9620
7983
5369
6986
2594
9339
6021
8935
4987
5369
117
8735
5250
1958
2863
6111
2322
9355
8814
6749
5643
276
7254
9629
6482
9887
6822
5110
2329
9009
2819
6423
2688
2714
6746
5046
5852
3469
2486
5316
7447
7511
5304
9343
8726
8950
4934
9820
6732
4903
2493
1248
3589
2226
4333
471
8973
2241
7415
5707
8440
6840
7582
9805
8814
3698
6573
709
9253
7515
6255
6687
7364
3773
9304
2406
8018
632
5613
1174
5941
7672
9428
4983
6251
5747
8842
8020
4625
5860
1297
9216
4475
2962
4489
3417
39
8368
8768
5502
6015
4347
1792
3129
6966
3179
5053
6333
4261
2504
6672
6511
5498
6404
6910
2932
6584
4534
6395
7637
8194
9099
2823
487
773
3258
9590
781
3934
9218
410
9072
3085
8351
2895
8930
3187
3612
9256
4266
9606
6437
2173
686
3686
1681
8840
6953
6831
3629
1773
4422
7499
6556
8624
216
470
3049
882
273
1425
7714
2429
2680
3518
6235
5265
9504
3813
7838
2893
8017
2165
9119
9757
2476
5860
2980
9975
1447
5588
74
9725
4138
7609
2976
5081
5288
5071
5187
264
2660
3874
9560
7452
8011
9561
7913
1577
8751
2881
8769
659
3172
5452
307
4930
3127
6490
9985
4867
2503
8218
4636
4659
8139
9398
9700
9524
4778
8136
495
792
3756
6015
4973
5022
1129
4377
2520
6727
4126
5996
5066
9952
3361
3949
687
5274
9652
2935
6020
7783
5516
5610
2150
3116
2760
266
6395
1526
4029
5776
4752
8264
2978
1433
7265
3368
80
7419
1379
5293
5351
5603
7976
9375
9278
8098
4970
2063
9636
1591
8331
6875
7853
9596
574
5318
5742
3858
4629
3831
5640
2719
4583
4146
4149
3535
1067
5531
1447
8982
3849
5651
7807
4791
8996
4909
8729
9246
8551
7148
3794
3976
3404
4079
7866
8353
5733
8525
7580
8444
1716
6834
3343
8293
9725
7849
3051
7731
5501
6655
7774
1655
5415
6411
4523
4775
4701
874
7223
2523
3369
994
6340
6791
5204
4956
6563
5574
5652
1197
7294
3550
1024
7444
3741
1261
9669
8016
2105
3437
8086
5043
6960
5544
3289
1605
9807
2094
9983
2371
7639
2528
5135
2177
997
1528
7673
365
1500
3344
8799
7058
8772
2768
9380
7034
9197
8021
81
6750
5127
4930
8343
272
7435
4108
618
1963
3368
8519
5777
177
4741
5892
563
938
1840
2703
8887
1943
1787
6881
7023
3839
284
3838
9597
1176
9429
7436
4660
2412
3095
8202
7176
2977
8004
7922
3046
4321
3372
132
9108
3675
4448
9194
7606
8053
8416
7471
1406
3152
6053
4008
5480
1316
7598
1171
8771
170
642
3305
2374
5125
4156
4276
6352
1545
4114
6855
5591
1646
6195
7616
5402
8881
8359
3100
2300
3150
4938
1685
7677
614
7869
5781
2879
847
3212
1959
2703
5660
1034
3034
3792
1938
9578
4766
7669
5551
4776
2554
1798
2686
4172
9500
1579
2935
6560
705
9607
671
6265
8591
7866
615
5973
7563
2541
353
6436
7192
6707
7704
6493
8816
8740
6082
3732
2048
9732
8985
4665
651
2869
1817
6927
2971
4037
8361
8843
1667
5507
790
4698
4604
5566
6304
8754
5200
2077
3611
8877
9550
9274
2923
868
3848
9248
4828
6990
4813
1565
9623
3311
3180
445
6653
9492
8722
5062
9602
9077
2692
1407
4010
6190
4367
6354
4316
853
2009
2365
5508
6595
4406
6024
5686
6895
6218
7121
1116
8377
523
5170
8063
9186
5931
4917
9771
9453
936
9461
2431
1054
3707
4217
7246
4019
3858
6325
1333
5809
1695
697
9606
7211
7724
4097
6644
3644
3452
1249
7458
4119
7779
2505
4177
3735
9098
8112
213
1406
1126
7616
7977
6707
5817
3384
8022
2621
2953
5569
6366
9040
7783
9286
1883
1221
980
4263
8640
7322
9310
2367
7776
7217
4955
9485
5315
8900
1276
818
9264
3718
6420
6691
5995
328
2737
4715
6228
4395
6875
2746
7451
91
8377
202
8266
2712
5485
5097
7443
5763
9970
6863
5025
9636
9347
6503
9492
9857
8806
6861
6393
3038
458
848
5543
699
9309
3398
8741
4124
4817
8361
6119
9293
1691
7505
7184
8946
1835
6110
3999
740
784
3064
9903
5453
4078
7052
674
3101
9726
6244
2071
4656
4983
1860
3090
5336
2611
7382
141
374
9380
2003
5814
8877
2315
8805
3437
251
9384
5560
6612
6947
8257
9587
1768
5213
2214
6892
7247
6856
4924
6953
4842
6335
540
1930
4525
2072
3208
696
8743
9629
2352
9119
2024
9924
8760
1624
1272
7272
816
6471
5064
6131
1168
8004
8907
4351
1319
2326
5052
1357
6199
3302
5480
4606
9186
8237
6798
5303
1136
4248
1002
1108
4654
5042
6408
2399
6451
5138
2688
3313
8251
8197
885
4226
7928
3838
6794
1491
3949
364
5580
7894
2690
7304
6670
3833
2368
480
6136
1729
434
4714
8394
6661
5454
5097
4622
3904
9324
9056
6
694
6459
6969
7202
2724
9259
9798
8275
8684
5810
7743
7943
301
7673
6171
7677
1655
1396
3050
3118
5059
2419
2258
5841
7579
7364
3922
343
1674
2730
3387
5389
7990
7064
9025
1998
3611
8328
4103
1408
694
1930
9353
3913
3255
209
8921
9110
4410
7407
8075
3260
2757
9012
364
1667
9321
1675
9567
1586
3516
745
5232
8829
1764
5744
7141
3666
7603
508
5909
9331
5102
7691
6493
1969
4999
569
9629
9313
7860
3571
8621
8847
8262
8903
8679
7762
4275
7161
5037
4201
3159
1350
7414
4595
5660
7089
2332
3465
3859
6985
4981
1512
3801
480
3870
4546
6609
5007
1218
6530
5116
8363
370
2476
9127
1295
4008
874
8171
5135
977
8267
2892
9340
9504
7269
6674
21
5899
8133
1164
2543
1539
1562
8277
1713
3416
5888
8315
5461
2507
5328
7457
5892
3167
261
2988
7139
5224
862
795
8021
1198
2710
8248
3726
2176
2906
4167
7572
3615
5693
6917
184
8740
7655
4022
6292
7573
3134
5897
4430
2148
2006
6105
9493
9805
4576
7853
8733
4245
8788
628
9006
4764
6220
1152
2175
259
1905
8232
6612
611
4140
1772
249
3636
5933
6642
2514
7525
2547
616
8885
7407
7835
3050
3621
6267
5348
6841
4837
9724
7114
2520
8269
9126
4519
1115
6536
7836
9783
4980
9746
436
4724
9633
8813
6734
1170
8384
4813
710
3762
2156
2370
452
7841
5876
8198
4189
1496
9523
390
362
8593
1194
3774
4629
1612
8493
4775
6834
1321
4417
9938
631
2938
7533
7769
521
7302
29
1386
8101
1348
5862
6630
4111
7705
6767
1534
939
4813
4019
9144
7944
9943
5674
9232
4840
2978
6910
3296
4482
8522
4415
1498
7218
1888
2344
6826
7721
2151
9550
3012
6187
970
5849
6560
2135
7841
5123
2275
9811
404
2780
4036
2633
5153
5928
1269
2490
5140
6663
3956
9885
8504
6743
7026
5595
541
2985
9166
8609
9470
6860
4680
723
9753
1562
8624
225
1844
1937
4326
5604
3260
7186
3461
2430
9176
6219
4845
1992
1866
9398
9435
1284
7366
477
9398
6234
2927
8345
4976
3742
8457
2401
4424
7717
4474
455
2182
7013
1859
309
1767
9133
150
1651
4924
7991
6206
2644
9096
2703
3106
5168
4320
2248
4206
1395
1010
4886
4999
3410
4621
1759
8341
4171
7384
8213
3297
5103
6637
7861
5899
7299
6059
648
7739
7751
2801
8630
952
1898
7011
4657
4202
177
2023
7285
5289
2598
2354
7605
5312
7845
3430
9501
7725
4748
5583
9335
9185
6356
7492
5476
9363
3458
974
534
4386
596
8889
7661
9869
4435
3100
840
8667
7297
5813
1720
5229
693
1179
8103
3777
248
3069
9174
8090
2544
4032
5420
6788
4020
6871
6440
1389
1032
5367
4266
9990
4106
7622
4294
450
2455
7854
2750
6554
5025
9488
737
1964
382
4413
2959
5642
2024
3734
9148
2691
1140
8312
9053
4906
1360
6672
9391
2018
3907
1478
5701
2405
1671
1727
1523
9800
9293
9302
3952
9133
7911
8413
5882
1713
5247
2765
2835
475
9936
6170
3429
8603
7786
8064
4677
7193
1182
6178
4095
7994
6698
7206
2052
4224
9674
5968
8340
5089
2158
3648
5468
6270
6840
5251
9393
6482
8670
141
3784
1471
798
5643
6684
8510
54
7608
1882
4706
313
4205
2614
2942
8793
1530
3296
852
5577
1734
1465
6673
8581
3669
2585
3477
595
6051
1902
5739
9090
1237
8348
3477
7886
8939
2091
4079
1580
9631
2849
9173
9780
6728
3267
9450
2560
2508
3248
7342
3846
5528
1504
342
763
4614
5002
9866
9745
4101
7334
6368
4724
8776
3403
8556
2660
1966
6424
4060
4634
9064
5048
9673
1357
4995
1693
2397
3887
2734
2204
2758
2075
6189
7937
3058
5031
8744
3189
8107
5490
2244
6540
4798
8762
5027
2128
9680
5434
9604
9268
4527
9730
2425
1989
5045
502
2441
8642
5906
8534
2682
874
2382
5996
6684
7210
848
8888
4910
3609
9448
7015
6689
2519
3382
3686
5010
8661
6688
1963
2234
5260
9792
6426
369
7342
9541
5027
5216
2319
1646
1961
1365
4495
449
5614
8794
5638
1911
202
5293
1085
1075
4511
6229
5524
9116
2609
6958
9273
1551
4248
1515
8492
1143
7250
1597
5119
8564
1762
4958
4631
8525
5640
724
3685
6606
6820
6564
8149
856
7333
8872
4466
8169
9357
2811
8875
3454
1502
3786
920
9470
1798
4160
5842
6229
1435
4791
7339
4356
4701
8089
5925
5030
5774
1889
343
6233
2078
9212
633
9887
8321
6522
1139
510
1612
9401
6949
2547
4289
5788
7489
5580
3228
1717
7504
6621
4336
5628
7688
970
714
4027
8675
7793
7989
8760
1550
41
5471
7069
2178
5457
5648
3486
1355
1661
1068
9172
5272
4779
5644
971
7281
1971
7792
7808
9489
5164
1116
2839
3393
4543
6084
2172
3481
3565
9454
7227
4352
8675
3244
1728
9633
7035
5515
3411
9373
808
459
2579
9491
4537
5529
7586
9792
8662
3766
987
8844
3104
1948
356
4846
9165
6853
7122
7848
5415
3909
7869
5330
5854
6240
2871
4659
9350
4905
5150
7300
148
771
4840
9008
1521
3934
7503
3066
5610
31
3398
3887
4848
6553
2257
8363
3172
8562
3662
9178
9686
8270
9236
6966
479
6004
8943
3217
2434
3225
8607
6560
9911
3988
1742
341
998
2750
3999
6852
1787
6051
5551
2110
670
495
9379
8016
1559
1195
2804
4977
9626
7801
2657
6038
4624
9495
7526
8052
3416
7471
169
8860
5090
8539
4557
5058
5423
4216
1898
1295
1826
5853
9326
3645
7798
9289
3682
2932
4354
4647
9020
2463
4094
6422
7125
3557
5716
8468
5106
8281
6440
3813
3934
6995
2885
8502
7941
635
5832
8632
5732
7574
3103
1110
9122
6391
4589
1664
3468
8060
1640
9462
6141
656
5299
153
1106
1014
9252
3765
8468
881
1434
4386
6112
3235
2155
5798
2227
8607
4262
4717
3049
7145
1265
5079
390
9834
3429
109
7380
1190
9257
233
9608
7983
1603
1610
7899
6638
7975
9734
4406
2097
3917
2002
2635
4412
2676
4486
2737
6279
4289
6569
4297
4651
2824
1885
8435
4097
8529
6269
4110
472
8050
8777
945
9945
5819
9903
8129
6724
3930
3361
1264
8261
2490
7937
6544
269
4860
1979
3129
3363
8738
3851
3190
1190
23
2705
4688
9998
9438
2944
4272
765
2894
2951
8574
5657
9489
263
5197
5489
4024
6879
6033
5209
546
4267
1385
7858
3999
2717
422
1875
9078
9789
5404
6610
9247
9819
4611
2064
144
8508
2201
6513
2120
1885
3261
5590
8146
5168
4096
4851
4988
6755
1650
1021
169
7384
8721
8739
2235
5891
3677
4554
4220
6124
9698
1512
8656
5300
3074
7361
1954
1158
5131
2420
1280
6142
8747
9388
7197
235
9791
7193
2901
945
4353
7486
2427
1581
3248
9543
587
6177
1533
7615
9219
2870
8404
2013
3883
3995
9990
3327
9751
4167
3583
7127
8295
5143
122
7577
5009
1736
1673
5813
7196
7483
8591
3438
4280
7557
6105
3020
3863
8443
6781
7038
767
6312
2856
3825
4059
5038
2443
3036
6259
1641
3120
4642
5461
1333
4544
6514
60
1393
1750
250
3718
8395
1188
4196
6252
5138
83
1506
9384
1298
6004
2174
4350
905
8853
2862
7320
1709
1988
1847
4680
4685
4326
1909
2883
1213
2432
9199
3111
2902
770
54
8845
2025
7803
6542
7064
9334
6081
5366
6844
3336
4080
1534
5796
1344
2102
2371
4931
1130
5074
6017
2298
5871
2826
245
6996
4149
9448
9324
7567
2252
2565
7806
2374
9074
9027
6656
4888
8000
2969
7001
3716
8502
2020
1140
5754
7839
7651
2327
1721
9332
4890
1085
284
7107
3737
4310
9946
6267
2614
7052
5639
1938
98
5756
1912
1825
7270
2223
1563
1242
3873
9745
8661
9302
7702
3623
9098
9495
519
372
6659
8835
1679
4896
4690
2166
970
3147
2861
9477
5645
7404
2765
6745
6585
7849
5410
4600
423
5123
7748
2351
7000
8023
3112
8501
8006
8125
6097
1958
4957
2104
6869
9957
1985
2561
3034
3158
7280
8676
1666
8031
9386
3321
8897
6722
3645
9663
2755
3798
8611
8125
5225
2157
7044
1774
4148
2244
7061
6322
8345
3267
5650
2570
3216
5467
6501
1208
8102
6698
1436
3961
9078
3479
7292
2900
2524
9109
2886
7040
7769
3468
1317
647
9566
7280
8940
4804
75
1599
4628
8867
1727
6668
1545
2239
2514
5180
7816
6178
5607
9864
433
493
1144
8791
1565
2941
6343
3283
1236
5993
5735
9682
6077
1376
5108
5479
2849
1874
4522
5349
4326
3010
1399
4098
8512
2747
5612
2738
594
4696
421
9015
7775
9149
9034
5864
707
6478
4909
2743
2047
1417
7237
2175
2455
7845
8984
4408
5827
3593
756
6571
2328
598
8954
4567
5714
8005
2003
1301
7285
9343
1947
7919
9198
6931
7117
3898
5221
3425
3478
9544
2968
2629
773
8380
2945
7460
5817
5677
7321
145
2201
265
4250
8781
982
4339
6481
8426
4308
6974
3977
525
8043
4366
9072
481
7147
3535
8990
1715
771
6482
9073
625
1180
5013
8572
3646
362
8326
6087
259
4748
7846
4571
5422
8425
6826
6495
6415
8703
3849
674
2051
4969
5603
5187
8776
4006
561
1718
3572
2305
1194
9666
6931
761
9077
2656
6424
4362
2613
799
3761
5906
1274
4510
2285
3157
8220
4443
6940
3081
557
1
6264
7985
8205
1592
6024
5387
4873
7375
7190
1582
7779
2928
6009
972
8534
3812
985
436
566
4618
1348
9891
8576
9062
9165
9073
3344
1183
9161
4489
8315
1909
7552
5817
1429
9088
1326
3045
4903
847
5905
2366
5922
2732
6718
630
2363
9504
7985
9750
3819
496
6616
1581
8766
8316
516
2695
6080
3202
2382
2475
6852
9391
4
952
9272
7810
6923
8703
5788
5990
4382
6248
2860
783
2559
9314
5771
3950
4257
3107
5575
9703
1953
9261
8028
2440
7379
5874
5503
6128
3907
4008
8760
6768
4967
7745
7158
386
1030
1202
336
5359
6518
2179
3047
745
1647
5787
9910
4946
9307
6579
253
8591
5865
4353
831
4431
9164
3667
5033
6201
9663
998
47
7999
3244
1722
6299
8684
3123
3913
149
3020
3820
753
5611
7940
8406
6612
6277
6978
7811
8500
3958
5014
5729
4189
5004
5927
4475
587
7639
4921
3833
7502
9822
8888
3122
7473
1311
8842
2293
9239
4996
6884
5789
1731
8112
7215
7623
383
5631
7321
4143
3369
3306
182
4165
9504
1404
5870
5163
2479
1825
6437
8321
611
5750
6606
9475
3235
219
385
2513
7302
4180
4046
2599
5593
4459
3949
5114
5737
8203
6290
7150
2583
3624
7314
9149
1181
63
6541
8662
2705
8646
8995
748
3581
727
3476
927
4096
3177
5652
4206
8890
3748
5650
4131
8671
7621
6947
8743
2016
3743
761
2480
8669
4860
257
6890
4185
241
3922
9239
5634
1522
409
7215
1703
510
3953
4716
8462
9297
7417
5453
1673
4612
7972
7664
282
4538
1407
4193
4561
2486
9823
8423
4907
790
3622
5211
2343
2326
5482
7475
5781
161
9408
4144
6640
809
2476
7658
2227
8219
8115
739
849
1801
6616
5013
5088
7538
7929
1316
7310
7974
9068
2620
5414
9613
5647
4551
6390
65
5773
2344
5958
4038
4172
5846
7591
28
303
40
4804
3363
1046
9312
8278
7640
5150
6364
8065
6039
1421
3705
7416
4260
2736
4770
8431
8815
6268
7749
59
4264
1055
2183
7407
2584
4766
870
805
3813
5734
9890
2045
6728
2774
5481
3768
6790
1429
6466
4738
9079
9208
3847
3012
3220
5503
7957
3505
4042
8184
183
790
6014
9464
9203
4440
6771
9262
3365
7871
5972
9131
3822
385
2220
3396
3629
4045
2778
9721
8034
2297
1976
8842
6736
6843
643
1735
4106
9535
6756
3011
7729
7042
7375
1533
2175
442
4161
7858
9581
8037
8807
2048
8304
790
1092
5849
6631
4262
640
5982
2316
6466
669
5142
9174
2932
5405
838
3548
4712
5718
2829
9622
1730
9768
8039
4975
1831
2668
8042
7591
1936
835
1238
1141
4588
187
8307
8560
2872
6639
9817
2252
1760
3589
2136
514
3353
7587
2133
4000
3681
8458
9695
5052
1091
8033
665
2065
5336
8226
4175
4605
3800
2296
5731
7204
4818
3989
4982
1719
7730
5134
4504
2452
7301
2345
3900
6355
3379
871
1045
7717
3191
2048
4712
7114
4769
8099
1703
5470
9536
91
5193
7830
7953
8725
2576
6720
3100
908
6913
7801
7728
2033
6622
7799
9903
7624
4775
6984
2495
4849
5387
7634
7821
2666
7775
3327
140
8968
1725
9299
1469
8475
1868
5809
2287
6988
3617
2452
2533
5475
7250
5710
3165
1530
8179
9497
1172
2151
1834
2285
5336
8948
6787
8807
9540
668
2219
8801
1935
9533
2120
1644
4896
2701
4695
4043
6250
6076
7382
2052
3661
4631
6082
8338
8651
650
5153
5592
419
1851
3552
7090
3947
1561
21
9321
6202
4829
8941
6539
795
5506
8876
458
6647
6178
9835
1345
3765
8228
3090
6878
265
6169
898
7809
2970
8464
8192
3975
1137
4665
1047
5640
3174
6656
3305
2681
2727
4063
295
4131
8510
2311
6243
218
5720
871
4750
8871
7702
2673
9959
8966
7927
74
5346
4380
5902
1711
9811
8807
453
6109
2825
4871
4749
9711
569
7883
2039
8475
9468
8811
6168
4406
2681
4449
7399
976
1363
6269
124
970
7132
784
2776
1089
5287
7376
9740
9843
3753
5858
4555
6955
1070
2860
4907
5329
4482
8942
1399
5851
6826
6146
3034
1952
9491
6922
7217
155
1047
5690
1984
9012
3955
8285
639
7345
3500
3647
3338
1768
8084
2538
7591
2619
7409
7238
1063
8611
8321
1467
3128
6941
4578
7614
8295
6144
6427
3554
1482
1576
4968
7325
9553
5026
2635
2155
1965
3046
4357
90
3324
3248
3293
709
4082
1152
9101
3378
5896
4541
9645
164
8181
6666
2594
8576
2673
4240
731
9326
6244
3041
6940
5481
6907
2674
6847
6424
3755
8644
806
3695
123
2703
9451
3611
1912
2362
1311
3714
2277
4784
2547
1384
3843
2829
5637
6256
1283
4557
6024
1791
3979
764
7307
3114
6877
784
3922
9514
5617
6814
2625
5974
9142
8094
9855
3196
991
6754
6402
7831
2259
2494
7732
7877
7351
1144
3630
7599
6615
9835
6708
7048
3297
5596
1545
4841
8387
6944
6959
9847
8475
2557
3221
9613
6597
644
276
172
1026
9975
6391
3202
1954
6286
2988
3438
3146
67
9730
7432
9295
52
4658
6241
9013
1441
9115
2081
5028
4270
9625
3746
5208
4609
8186
2850
3151
9739
6926
8402
6177
6195
2642
9100
7548
4006
5914
9834
9143
8068
9456
3588
354
4952
4717
5498
8956
9111
4673
7130
186
5890
1209
6821
2777
8399
1561
9611
4707
58
1197
1206
2262
1769
9730
7182
3757
30
5827
7329
4252
7847
3600
862
9649
9437
977
2744
2147
5927
643
888
4257
8356
6571
8827
732
7521
6162
2848
519
6273
2005
9256
9679
1773
3033
3439
6418
4375
5082
4345
5697
3585
2545
2328
9206
3099
7986
7657
3161
6208
6470
812
2648
691
952
8380
5664
644
4688
979
4299
1662
9497
8244
9338
3519
5947
9636
4085
832
9444
2272
3820
8455
1451
4649
1961
489
3780
9214
373
1574
7103
789
6770
7108
8133
2766
9951
6821
7850
7022
9043
280
2079
9786
8135
2378
5638
8917
7471
7757
4549
798
3989
116
7003
790
1321
6555
3605
1783
7768
3715
4710
6714
9963
1988
9434
6175
1301
6761
3019
5069
8765
3364
5777
8839
7911
6628
7099
2582
34
6362
6615
8124
8903
448
1667
5767
2681
7565
7246
3491
5743
4764
6236
2876
1919
7919
7330
461
9352
1235
9004
4606
8977
8963
414
1864
9101
1991
2100
4290
3049
3916
8493
3189
3895
2219
2460
5651
344
5399
8507
2285
3126
1243
4337
7141
5286
7814
909
660
8563
4374
1321
9153
8259
6715
9119
5008
3481
5225
8137
8337
7440
2236
844
5744
231
4315
8982
9132
4639
5260
5101
4839
2930
2019
9869
2690
84
4700
4793
551
450
2096
8555
46
8886
8771
1778
4159
8545
5944
3535
913
7784
6001
1801
2585
1549
1201
6836
8545
754
6617
9571
1486
9852
2336
1370
3188
5664
819
9214
4610
7778
4019
6738
5287
2101
9650
2514
1841
5608
8179
6143
5979
9858
8795
1691
7137
9629
3714
5451
1900
7545
7641
76
440
7817
3237
4541
9073
1669
7160
3279
9963
6618
6553
7251
7496
8063
1716
1708
6781
7398
8765
4758
172
2968
37
8750
345
9446
8207
6214
3871
1034
1023
7039
7071
9894
33
5094
3348
3500
7391
8663
315
5383
4999
2628
9220
8118
6593
9065
4985
4245
2435
2177
5387
1362
8338
9150
3037
3772
52
4327
3026
484
7570
1315
7881
3516
5137
1834
5076
2514
5340
6875
6188
8045
6755
9152
2169
4210
7167
2158
1315
7696
7433
9444
3751
5047
9926
6753
9247
1302
6019
2116
7183
8034
8105
1655
5190
9008
6739
5155
7084
314
5399
7535
9960
6743
4494
3915
2243
1472
5028
675
1345
7496
6397
610
1957
4143
9930
1766
585
6863
5786
592
2172
7803
867
2600
8964
5545
8225
1095
5343
6756
4353
7433
8232
7154
1404
6604
3026
9335
133
1209
5487
5205
9375
558
2596
6205
8689
4787
7636
351
7733
225
5748
8347
2827
8267
9209
9489
8623
7578
6975
5573
9858
7043
3776
9500
6240
4662
2337
709
7681
3193
1086
9675
4600
7267
9120
247
8788
401
4070
2579
1807
6069
6085
5048
6245
6127
308
9909
3078
401
805
6290
5004
7873
4674
670
9003
124
3824
4788
8581
8086
2357
3669
4275
770
8379
7136
1145
9565
2417
3985
2586
4062
8166
4476
9151
2962
2554
8348
7442
3873
6384
1507
9963
5570
5203
3321
982
8443
476
3788
7061
1417
185
9646
7222
2750
1832
8796
3732
1721
9478
9503
3657
1592
1232
7461
8914
2486
2145
8408
6725
3113
6821
6043
973
9697
2548
2054
3262
6793
8067
5433
3174
3737
8091
9958
5523
8923
6611
1832
4968
2663
8311
4163
6143
1831
499
3165
1188
5252
1816
834
1244
6707
5990
7437
9199
2148
4763
5977
4584
8694
1548
